297488
57506
935467
130214
351139
516367
441644
766033
497423
915070
174920
795874
77223
971276
74051
591717
243507
182984
898919
166523
182794
915623
928271
878471
551136
415162
271537
668661
271917
130355
192278
782612
291827
570693
598519
859929
281664
818108
423737
561705
773692
511182
467926
915896
314496
275868
11600
590572
465772
336013
568933
490624
741645
342338
299306
269377
42816
291123
456315
20008
219559
832130
466576
811865
890937
182296
865991
853499
60433
606894
167408
538739
866931
290865
296786
611967
957402
624045
92202
393309
277656
801707
505260
933217
352365
202671
661771
163614
630581
750782
182348
342519
50527
525759
685578
772766
530623
834504
218197
809106
801963
311770
423617
535185
781024
91706
59683
300383
427916
673470
583387
586398
924604
619825
786428
496418
508842
997498
592156
737770
231883
42071
850927
244967
842401
506530
94110
102744
111467
177234
400864
678020
707849
901910
732790
674917
972141
296187
945031
557537
284643
759820
274808
413372
62381
938883
66144
243567
117144
771159
597104
58300
175096
783962
943974
966274
523494
979358
285273
76994
592377
733777
326213
42700
78182
332932
819486
385041
705036
754995
743400
558634
37075
819960
488703
916636
573104
711348
740919
424434
80577
661075
405079
267970
169954
152884
816168
701186
205151
116305
811091
116098
591191
704376
232750
83098
941380
241160
464966
118910
665798
731558
652581
233411
938037
830054
896719
456105
719974
373898
428183
153941
242777
667032
303773
944249
864452
245464
663358
312561
58433
974225
132500
10496
783561
755960
689221
584577
171186
713327
907412
33059
661033
717799
469983
734071
108554
706815
243920
942127
341881
732622
916110
661850
442080
377419
153610
169586
976376
875247
710464
979039
775159
143551
325175
995331
174151
848804
835762
827266
438124
673957
992735
129782
468807
335862
973049
210874
895249
368921
481581
684857
193731
285376
542350
563217
463132
373837
565465
544162
910806
961521
852430
890842
445989
527061
884330
49645
884228
611658
533573
835919
1851
876075
782166
337273
495826
733116
513693
570994
522566
819156
176661
958701
822830
427249
854861
623164
345866
392808
341728
806005
85554
245185
222965
466966
693230
935871
662056
211065
815497
746574
186589
949982
505658
496564
578880
280108
206713
813533
44561
358906
103699
797909
502610
588722
299524
918705
727927
61305
638667
449630
692542
819241
974483
963447
196288
72586
37546
892257
133996
166747
35986
50800
505597
823160
595914
956039
405985
361884
325340
796698
302863
209237
38400
938806
258913
328138
799550
710147
157171
555790
117473
935904
447228
336762
875952
450521
524138
286124
428281
743247
736569
4760
488786
496591
722943
257744
914159
107645
782219
175422
362996
376361
660571
16497
837639
133179
64584
63236
474877
856743
164776
74325
299613
324004
63601
982328
681095
620771
232903
879705
738917
376117
612096
613993
642298
541554
46582
528127
925238
882211
761108
137368
189031
9609
732274
941168
668404
228235
767506
466704
72035
502002
672775
467435
377638
192700
263095
771963
421213
116624
237533
533108
323569
197338
145053
260173
761884
143582
495381
589831
727320
59560
143644
734657
197582
438720
576929
680733
453240
546463
208337
630224
440142
568544
650476
743677
787964
402857
485874
556994
441264
216449
282249
950874
638173
156055
365480
737371
27032
460681
23589
656923
849965
719273
955236
570454
696019
622485
753422
592835
739961
607964
220659
778987
93143
982359
782595
812489
260513
428462
455192
819804
803138
605608
351654
832617
199451
531662
141870
843728
409777
444598
97279
584070
994005
62545
456390
379786
649291
643605
151900
750693
592641
741829
83231
192585
385528
569074
469799
354277
83152
575685
445000
722646
45165
560409
137977
189203
403497
703751
805522
13884
723028
314664
533115
288870
666062
500513
262281
931918
273382
948034
676074
466801
91699
133391
3772
392995
815719
227308
470885
937145
858733
726838
722648
875176
594358
57191
970359
854360
950937
399039
604826
959204
413737
254363
913891
496131
696891
670791
315649
292262
267971
178072
486660
228971
623147
510376
346135
378207
186409
568349
645070
464807
665310
286941
687466
98983
546774
733384
896362
546193
181283
542510
522303
342387
687560
146648
130995
240094
599685
712886
676982
501597
562711
498819
31094
87990
160139
672670
511806
824408
23101
928401
991016
262660
641709
170051
843274
886746
917341
164291
608137
917744
749760
898548
223900
310709
130663
743255
470726
549034
507496
967671
179772
469054
535594
187010
468848
778476
473728
810940
712865
983880
464056
498278
940093
495551
815468
502828
411794
334217
926383
260076
640648
924187
264595
932380
245371
675257
638524
61882
809246
445718
660198
558263
911536
714077
336019
183817
533450
551053
420326
465294
720859
4753
987147
139509
113219
7643
351054
519500
87669
772926
167847
63463
351168
150346
934496
828313
430573
308605
427059
780959
355767
197074
161456
747443
277659
549242
448869
233113
67205
505346
708060
13824
752882
397894
738556
779228
382766
79461
237877
483385
452547
423237
801955
997507
752773
44980
753398
385736
315490
134330
108185
213794
958117
541312
571418
395536
7589
855165
906457
83957
141900
402166
203064
724510
519291
571945
954180
559772
120797
711101
697425
744429
338862
502502
75260
334353
602403
555560
957139
176731
258162
727436
573893
668727
147185
120543
354996
379404
43650
633067
93090
659894
622284
62613
870277
243315
530142
82760
844872
371611
196892
642563
751467
583571
9469
432636
969625
312508
709520
824931
229894
229122
37364
530975
185045
874930
827932
718681
424493
617455
709727
917850
886576
619519
286584
109283
347879
187109
751734
101690
627442
447406
972148
321926
965146
612433
32807
100080
484547
955694
744968
283791
530148
690921
143929
676307
512662
125547
818310
97200
451390
697778
390021
592953
310175
598483
342792
561621
477332
282261
925283
828705
415173
142697
159771
961769
519927
709404
749224
586855
985142
616826
80097
24265
569986
349022
903026
914876
531443
166543
65988
418023
884924
661346
427148
549909
922646
297156
81194
103521
775475
547172
327325
691344
969986
680254
541034
905546
690781
469983
659380
60833
731926
606500
48776
513141
860968
872082
709648
689160
4141
521351
413363
700720
940004
742045
155557
547892
294206
302229
850334
874848
74352
516076
68844
382246
824
310659
778302
143041
344949
46608
554932
425852
302344
738943
306079
986978
455051
757447
550795
378462
999376
410800
823312
727775
769250
773883
621750
605793
174693
55489
874507
454105
251092
700872
910222
702838
767274
80158
593902
874703
461337
69527
656446
119077
151634
381864
681376
753732
259875
452066
375238
490744
900652
984794
935737
198565
753699
851200
583597
656654
42016
884543
100059
263411
758642
411271
700086
13530
272357
433291
271661
253478
975863
302120
389120
707327
669502
356027
422204
192516
584739
694865
10483
415663
355947
256451
360392
230203
722228
932525
637659
401175
413201
874132
892485
558178
28989
315225
474599
14089
181903
846735
535994
456080
887973
639837
848970
593510
987760
715071
363928
582233
489909
935450
241845
431069
62112
330058
906736
63536
953149
30291
294560
76927
254234
899429
561498
273999
570688
617737
210617
728753
219892
473360
48506
860314
426859
603983
94140
942895
305115
928381
324448
118595
304518
890109
577142
580687
203903
366462
73710
53738
625664
75359
463551
203580
948039
246808
269402
794810
896770
668716
376440
99030
147279
652575
95900
449780
761765
465919
907305
342735
808840
509224
451819
487759
382031
403180
309025
846392
27946
959554
334551
292551
987870
374568
42067
24953
362933
811336
219221
62838
218293
906550
596020
563378
870585
597058
123547
411721
671185
414143
85697
36734
527927
318253
58716
910093
502870
980875
981758
718164
803491
266807
867549
708167
375861
408928
424059
287893
260790
761560
24427
268891
199301
789242
418418
254151
617827
915277
89997
236021
724465
822192
975509
948741
216523
522301
353413
196662
824676
677501
286922
567709
777984
836492
36537
162859
985035
415010
493045
840001
173120
485213
666699
876929
236966
684778
122878
917175
120328
92271
554374
571809
315080
676409
923093
452138
356175
385322
274111
924444
164071
425236
749319
696281
592679
612002
74532
326226
123724
69022
483124
685973
771224
53487
93932
75415
706080
203984
437862
30559
332379
715869
304065
489936
295881
709621
495294
177093
361422
776571
161724
404669
135313
904697
492026
963469
512433
124049
498801
564193
456847
122539
772644
521464
912841
354000
16425
794814
679579
169448
729118
851998
877743
142578
600917
175509
346405
795964
237594
823718
233534
905774
109276
587748
554640
437134
328551
331180
480087
6263
52984
37073
685588
696031
891147
1516
604600
469303
4234
571916
557576
838615
707847
950419
809055
176432
473180
890917
517071
113029
876345
156342
64619
602719
479070
86877
947732
824816
906139
932305
70755
93341
719433
56322
894493
498030
316718
531089
671019
534490
771215
42644
848953
500615
153721
680527
44991
935281
34619
6825
759301
138865
956946
323043
645031
405202
587202
102584
895269
261070
285618
573211
649020
824665
569213
729532
232981
682694
368572
979076
495424
888103
906709
61956
438472
645639
23011
23079
625442
678487
768389
63203
379628
767885
793677
43050
565254
408555
173470
607053
146256
625812
567458
163716
51533
608290
832486
822024
903934
587150
138848
583097
600363
705514
449157
875754
32410
303764
175304
424114
305792
964545
567545
564557
286108
536948
110662
698386
481472
986110
844877
779379
616960
622010
162583
217968
766134
616334
161288
100683
168143
422821
438056
128145
151444
343545
587054
534824
900978
996176
110548
524522
482676
321538
59077
963984
531304
522302
659469
390067
390845
503359
852590
413752
426298
804543
631116
846209
220689
404868
425959
135053
139120
655912
218556
585951
430782
933612
334025
631230
991142
723159
993390
284585
90005
922784
919163
169484
692501
959638
464270
354534
457904
35589
546762
704299
518614
876640
292750
345757
748020
324026
339793
391265
239527
771452
248534
573637
454397
235301
831608
577876
965475
780517
644259
194008
614817
368892
886885
496013
313895
357382
28039
462113
974550
342953
564702
373761
510320
92969
45730
325732
732980
336255
759285
919893
991553
267417
428441
495042
886147
649372
116354
966900
321978
776124
311165
36483
426575
275591
795123
76043
920707
795802
563664
487996
685804
328164
276945
749926
226424
667572
973500
251187
107763
454875
847095
164238
623607
219802
288338
28807
812288
237825
918456
243028
580979
701970
388318
897180
839510
133838
407718
403405
40146
349401
367910
574967
692796
140328
21317
278620
502079
615887
408879
985590
703609
63637
202589
457062
651562
710488
149159
883777
597617
514417
639517
328678
78851
326958
685098
334257
728578
385650
686846
11841
153211
918479
943594
362459
855137
947094
414509
757829
549162
515294
429091
110337
8014
711627
675053
820938
703099
664681
243533
959233
548537
482105
544546
275384
978719
143170
713196
876510
880117
860649
597514
739861
959995
388376
62788
304427
425276
241557
373125
190053
290847
668985
164218
194322
919129
413847
328675
464361
366673
927273
245767
375187
141513
997229
67547
714921
323799
280487
696208
574467
918704
75445
306310
822391
489685
648531
163101
845809
296057
655196
495709
770768
698028
679035
335889
429998
21922
45383
295332
704475
364925
173124
253249
679830
168639
125442
525675
290084
573963
538595
695882
461035
263765
378860
630781
511813
792315
179078
319575
887129
374262
500984
221216
750959
409729
515978
176772
595454
750517
901535
410962
121226
900698
563950
723696
139262
769096
931343
890623
307812
773048
150302
698459
750881
642964
981012
901350
927738
988650
877242
321598
789763
56492
970532
678745
65712
580871
364089
808025
597303
892394
212741
674353
16843
870748
777684
973535
969225
395137
654744
593412
231626
803547
231283
651793
921992
527922
410937
784527
608566
140638
333747
676572
571072
132362
685260
149827
497752
233338
384622
377285
948971
629569
513897
65079
86718
886003
732024
52729
390272
829026
155987
572347
208355
528368
454624
817595
389396
620023
988020
3300
932514
620455
77651
118378
533418
898220
920405
768369
124291
39109
136858
838046
190341
649055
887897
434413
80660
935315
514297
44935
753465
692778
282315
1620
268816
316391
785389
743502
385720
661147
769649
866079
484975
859498
521731
556407
917047
297503
78098
37409
828348
545675
245446
224231
152126
657463
543283
342178
931298
621211
213388
270880
544770
760604
526457
416043
29779
183945
93000
593523
143344
990894
779194
5942
239039
586036
478008
301035
443330
319990
71758
902371
951027
583055
223437
83498
993282
146743
641915
144001
685895
959197
3215
783868
623784
341228
199016
928597
887092
100372
58041
113348
804009
421088
656893
593094
740149
130510
650166
198200
178987
911438
715389
494096
503698
123959
568657
663760
515924
222905
756404
393322
807662
68851
678252
736030
120591
756805
286622
314568
406234
528347
200420
468207
229889
213117
136491
255830
49113
215232
324434
912383
289343
592019
454413
103675
988047
928128
597857
237210
811113
796703
735629
420931
408982
208177
562492
578023
91962
383004
67640
653746
866923
811092
356153
704466
23668
8546
721279
304665
832179
887657
778200
37717
209916
864834
677451
464439
50544
452195
99292
178904
918946
608496
848911
726237
228178
120496
912330
907179
790856
544000
11100
513966
274492
927376
296030
58969
126875
22189
98170
799298
416372
783390
875848
980433
147135
779804
482522
460256
583720
30671
141666
701326
837684
29703
530999
360693
267141
287557
161279
499498
296145
414392
177760
638912
721317
420736
620676
409600
520117
494376
766965
58010
268133
647760
960360
337500
449287
536638
572294
470798
404091
999051
465886
762948
439149
990218
109921
579825
702233
116683
63056
983386
474152
973877
472072
322931
217857
55972
514108
798584
824565
814006
548009
65133
650898
977635
269148
139608
746574
562561
357245
460589
935886
626580
780119
721560
904805
740690
288577
895239
200802
620463
629278
353589
604836
96765
393102
619292
165024
731992
698909
569276
204025
227783
213037
609215
118817
213568
334514
797480
600947
407497
863460
768544
647921
29160
475588
366170
421193
102065
674536
215641
118986
443030
388360
833733
968017
803269
267863
500580
225360
575901
635803
951839
648363
173948
194895
487816
347469
65851
913177
726862
945950
521485
345155
618797
985530
673888
871272
969975
761358
183902
222878
416813
953302
416203
828778
299453
434518
698278
566505
743351
189686
805364
550426
824726
865066
624154
557437
181621
102240
411644
672471
37563
856505
316869
616902
5367
755620
890353
5541
650660
427168
988787
820461
392949
801913
541497
175770
39933
189592
195522
724445
337813
186881
354060
89569
634325
527824
610227
850234
803348
643700
713285
310935
481351
735014
65207
14448
746438
489686
88344
894888
5071
664767
158984
993999
892711
301343
323369
546082
790610
634693
884938
436959
246418
507250
426
868162
715957
679521
986014
511079
423521
536732
465305
60957
67994
714201
972353
615460
46514
362178
609201
279061
943624
401058
20558
24665
782936
547587
549965
669770
479456
828006
362064
818067
850166
80905
201374
620565
89950
397844
173251
651228
895791
492840
474592
703787
456409
455501
945772
669160
169905
22025
150606
414731
643264
422452
348358
772842
651780
166194
155155
668688
808679
231445
63089
982392
682003
31310
404491
660013
89696
798577
315981
366335
10255
122847
646467
436387
707380
184841
188264
186594
759439
191072
625610
494809
829298
525039
853995
40521
788765
31724
659578
57330
7912
86873
876792
943741
351991
626775
157456
883761
104273
300448
561124
873742
355827
235607
410341
43403
28797
188374
351769
663488
799250
8991
926437
983930
679048
99459
427380
320657
625525
2404
109674
209645
779158
928440
468354
760469
623843
697610
232455
774367
492612
215061
168909
48025
597361
826427
606458
241748
945771
585002
536586
438687
222357
327193
548734
833944
301288
850034
273641
719622
841849
667142
203521
124882
356729
490971
154257
465245
656501
741299
236940
416517
938671
593079
508437
581996
820025
795311
465292
976872
495834
910437
568210
93717
861752
539854
534054
727409
943415
11211
626055
57085
452417
769065
403188
732762
38192
555076
12881
661042
753792
806031
662721
15874
683996
370143
517489
868946
937286
889157
47463
182267
851533
213578
689193
830180
705195
777241
651377
916078
552081
756998
955576
59624
973275
987472
418695
793788
97731
934172
837760
751710
681442
444208
743274
185970
346141
771274
3936
490213
944548
350621
64932
580865
829753
477526
143802
317018
943822
921661
889863
353874
565128
174052
940205
887855
982343
763340
504476
671640
740244
258939
83187
129351
41000
857421
640719
813694
635902
960867
600569
279941
224472
390738
545294
630221
240734
92500
673841
898928
426232
276668
874339
927907
421991
686681
60408
715464
419364
271263
492347
313888
555742
625286
856969
389452
449685
912954
287801
319726
646512
723893
437367
758039
442338
91535
542443
694305
441724
838931
709278
296705
703530
345783
485357
472605
859898
963452
507308
255091
204212
830500
443561
495128
590988
57002
244592
47750
635474
715451
264206
229780
234604
650895
455573
51670
734545
835402
769057
481868
762972
24560
524351
409943
808082
310995
561092
587714
965534
370540
767802
783773
330311
423756
977275
431306
349824
770455
845489
208772
472599
908324
430352
29821
527150
486069
485975
804962
134056
414805
680808
30286
399254
763414
390570
105079
964772
760052
364016
697771
853377
798408
405073
544843
223458
104774
332
722131
627198
473167
689587
53777
886004
190883
523865
284648
96448
23986
359801
227036
906522
714725
239586
498740
469505
600251
867727
393260
110495
446175
897218
94986
111412
374474
194375
530515
226882
723408
491390
963808
730426
401062
823283
664886
383714
992519
930586
998908
382069
311444
15206
130761
70338
256011
315223
433560
428935
490378
692751
813266
971507
481039
875302
272954
54708
501457
154478
297650
853223
452559
900970
531909
786081
827596
827798
369393
17484
157144
280526
147769
911929
82442
43414
180859
670088
254004
913904
695607
966696
844938
802863
602398
239996
621906
599789
795586
909773
786972
926539
802252
724512
626685
913985
392755
90187
610418
227894
453127
541393
609531
686929
751637
163829
385439
218019
392455
775530
555902
292872
315250
344964
279653
558178
411707
669161
158622
830238
605069
426629
384956
707381
22031
604327
92241
342347
599612
82723
999257
271157
291315
798917
353707
559314
401206
570261
817866
289089
123361
79507
754862
734711
208645
45808
922774
53308
103874
110475
758066
49181
490766
442842
388814
297953
215631
699416
438243
516729
710275
217039
52196
801974
791750
943577
231100
341558
563360
283821
467454
915661
513141
320977
691340
12985
475986
628407
193114
217292
921489
336048
592509
411012
92603
720076
264811
770600
3236
428439
310077
423706
531052
155529
619901
913698
450573
957940
691398
764547
51667
393435
164919
901680
440210
977376
595485
108910
849399
130273
620513
884661
85910
876012
434114
978602
569071
489003
779574
183078
52194
321442
96676
540559
518565
717716
121950
372934
392868
734013
892972
13000
176211
42595
267907
72853
199133
576520
838808
33085
616006
200968
54888
428040
190904
265747
947130
592579
938744
707462
67744
557924
188283
596461
203365
298975
959791
991212
24050
514977
971299
727353
16422
328983
605533
325702
468570
820605
423747
684169
791838
609947
226773
345353
878271
130329
285489
500096
631340
665927
276702
537588
132754
546586
716476
609216
48980
932957
750621
784548
211264
383728
592923
9418
703555
53385
876473
536926
574031
955159
365507
789711
903325
101253
284402
999349
279314
353485
488929
846251
109131
544150
217329
46047
71034
357811
675515
401567
447501
554044
174531
446827
675727
604286
625307
559301
193558
444924
512265
661310
377414
963834
758080
686310
157269
650713
456280
649498
318615
161747
273369
829328
472173
155500
217444
658551
357473
240850
99443
889491
319067
228321
276585
437470
169199
790233
196801
725030
128914
456977
581036
487214
204244
455163
179682
238919
705712
335289
235956
873765
148906
387331
113363
208416
599414
907958
433402
178191
661699
476633
616040
110593
209229
470345
22968
924302
246672
554325
52048
11906
827251
819674
882935
934131
44320
783797
919436
874031
18617
359403
50060
383854
157360
803802
700400
168237
333012
962616
873702
914694
372328
496453
63368
370910
199518
2083
253952
399877
762732
536591
877333
886623
413891
675556
837401
582755
66041
11511
198606
842853
703515
471715
866183
61577
486011
441879
157877
246071
116064
859935
319009
887157
28749
994939
110956
90103
976589
846283
741821
187961
18765
271577
103422
386652
907989
357409
110311
629623
937230
599334
166167
817926
33417
438120
513682
554204
297076
825293
870584
215604
456563
601430
746753
312174
755497
531083
492545
444927
889154
194862
474422
574514
181998
466238
260701
149282
845886
227628
702186
343792
86390
867513
995385
582235
603076
676302
521027
748596
307611
227254
486570
848609
588257
252273
314966
618472
505799
53683
899962
40113
70443
914503
533999
200950
106257
111465
449212
488573
843263
214721
952053
889358
801505
663326
922671
810660
373797
276171
246174
927903
770080
657385
105807
123247
417357
361640
121537
570032
91935
57739
481804
350846
970958
425286
51466
647574
53704
701738
668183
634550
897758
817148
448746
592975
38866
234996
728555
605757
542601
802006
647678
146489
45675
695972
912418
418389
122748
524770
735606
591799
834443
145458
335533
534309
272401
462033
434955
286368
862010
568038
905438
831340
189595
937654
860864
158645
550910
851506
501599
530043
700139
134029
298256
721201
891415
133416
522482
24631
826063
965703
964629
407233
926658
470246
228846
15566
261030
518975
294458
898943
727201
718697
548056
755747
42041
363221
65903
501715
481494
860872
661722
542732
250438
926723
196738
619173
471274
237274
289744
389589
481649
206422
15980
578010
861619
886333
478020
371214
10467
668293
221360
401842
939031
944648
428731
595677
718219
178969
837968
189933
41641
556811
113848
19377
254545
540918
532806
132577
18707
62250
987091
484192
994424
361917
1484
39054
57860
243635
496231
860704
30933
538565
407751
578752
961119
691404
191499
869146
954834
258999
845738
243362
612195
965647
158193
450965
55586
198276
487103
488817
487027
572032
953485
484969
461101
507918
804586
494521
205541
978960
113410
217366
241589
941136
926962
392599
284329
190538
118341
814559
777510
607236
805205
325132
146402
805919
902276
343402
73717
553089
25112
504334
182415
482198
875523
325317
678597
585864
531077
357850
23481
302211
878017
204264
122347
724668
851129
160474
784653
639890
165899
905849
927167
187843
388123
37309
974513
387432
594956
885398
788286
913014
70040
428693
671552
942977
754316
188942
428454
977628
31445
400662
345453
76276
959235
291898
574925
986613
452500
708367
266985
948874
597264
156687
775083
632795
133040
934902
606717
572188
116275
424896
213093
237444
125249
975374
128736
542477
755804
677996
46505
717156
97003
928454
736633
725234
341495
572688
572196
593068
425624
900417
513265
602906
278476
790270
193783
523401
535412
961698
241367
349221
297201
437176
471791
2656
903462
6773
10255
806010
682500
667434
892670
779561
919557
361602
598725
597556
634550
934609
710192
203829
231095
887937
956675
499571
641569
130304
421549
143495
169655
317474
401058
773809
96844
26081
942754
491176
228758
552882
147800
718438
828065
388301
723919
426322
393637
117923
112673
77442
947733
11193
315229
302414
817421
185969
348683
629303
90546
652001
472530
258024
581256
45176
754619
944955
911908
240616
951913
270220
911455
587019
361638
838813
38389
229953
125259
482995
649735
951985
856543
818334
325955
568483
859785
706469
128567
888244
844778
957373
46057
387430
769056
406161
31236
800512
431396
291727
620579
335562
827266
793681
65887
860550
581398
793124
659677
707111
85475
769725
261233
2536
861483
928882
92336
140819
470344
281587
597686
744050
695528
788533
585583
638034
563903
692129
475647
272619
794735
27367
722703
61654
278373
992567
207584
446240
536217
748020
658318
444099
818625
209456
742957
878252
83491
345107
837136
998610
660629
509513
434762
318308
621706
128916
617493
655452
115265
312895
395655
620623
991224
740920
502623
170361
67890
649247
615718
185308
17953
265750
967741
846523
611477
636761
415567
611024
762690
939558
136340
769928
263408
812849
442660
729368
443485
465773
827148
168971
870746
210501
726937
196598
431645
165771
67053
992799
958680
161100
212741
665587
918714
98313
740088
545802
59016
206707
16944
433777
489294
166254
568228
108003
759365
933432
38452
60874
402255
838435
995032
487789
286985
236413
671371
77696
146433
80590
712977
196689
608597
801169
681894
11611
957115
880033
650681
277923
434822
155079
268572
560646
219026
611003
175073
272229
707166
407116
180622
917982
760355
518208
271940
52434
606754
579028
751465
464097
118464
818351
731835
900200
666995
797573
707222
240121
552796
985648
765505
137995
202286
209304
368544
685412
521688
167467
262160
609300
217495
338176
22689
252705
451631
367682
683108
492294
243988
457587
518777
54205
899145
975948
397402
176174
329840
675255
104899
195256
811605
82802
259398
830097
190525
747117
790708
962878
136121
540350
318241
209393
610977
305935
449367
382032
500778
983858
965819
115991
107767
910183
37586
982541
905962
873859
248232
962382
265288
67555
781842
923583
69505
448343
236042
524950
4227
977984
654719
72610
966290
398243
218043
401579
501549
189764
155122
270224
902096
706096
157168
392992
741453
223175
321735
708928
252642
331050
771358
13491
550257
440169
127793
15997
74275
532265
572853
342703
945715
385627
164603
98754
502590
927629
142313
442883
696990
817789
436325
808288
632807
268378
280440
625580
300646
950574
334380
635639
838198
189762
797214
425852
590975
403243
259703
999115
900913
28249
877694
454952
736581
199946
696042
55663
514703
629358
868365
334847
182174
372849
757331
474939
6340
97927
411256
640964
891313
796283
752517
869948
86207
535978
920863
508935
360105
27262
464790
531859
678082
322108
850848
684657
199732
249816
41480
515070
114425
579657
807992
607749
349205
96069
975709
723960
626238
289355
813125
829506
843885
748258
897932
544633
691567
275220
388521
684500
124779
479771
159732
791770
876037
958278
20437
131272
693042
432096
654379
790561
907613
461103
187362
445356
301196
202048
677509
566739
984876
663579
275014
202124
139351
767517
131281
915903
269591
837722
381551
742531
219155
626423
896326
473386
243596
692870
483341
692029
232665
611790
82407
39137
285050
267150
508236
907852
724092
710245
219247
11280
499162
297573
214640
168474
350160
738575
179231
177203
532126
575956
419847
214814
225764
702386
896262
262605
146430
896981
502388
962016
935626
242159
446118
416654
324402
928991
964290
197976
754974
219036
788902
451392
488815
580218
370388
625910
807885
512681
84798
844036
610979
311328
264656
895039
366762
203075
645073
406909
801159
15750
575368
363490
808616
545777
788289
524963
638876
145821
340304
816368
906049
628710
906361
964825
682900
579866
277259
913904
54725
240341
106809
467172
970804
196653
905173
917260
587886
868213
469418
665252
303141
733840
892237
81348
29122
408
480685
171608
536078
325969
799453
272138
639013
444885
196074
73912
970951
163436
215982
560533
495810
672763
879004
220004
431398
422641
472706
245931
729223
239496
318169
396315
783527
144831
778963
869726
73056
710275
106219
169390
653028
117773
583772
950709
706219
895013
57645
116953
7879
367540
862906
61537
328513
600080
72729
262371
311162
289484
247788
404667
213800
636201
880344
78628
45895
854152
397832
887060
803772
248637
136539
298796
23547
585024
163938
28739
715629
178198
919076
521579
591866
163125
735828
589544
785743
292512
254728
26301
926341
321815
149581
531528
549486
992680
537625
570198
859072
367561
386181
844252
89437
966483
162886
386875
968603
369158
182904
56747
76060
204080
353971
825916
921765
461199
597903
520461
213116
197808
252737
999921
298832
145042
485860
942151
712288
851217
922846
412399
114167
536366
793146
270604
769487
37840
722766
156128
809442
333206
969288
364103
927462
937740
575610
579105
581034
340379
31489
138393
121717
64943
982780
403134
665714
703299
8311
281993
181490
671105
697482
608551
176544
803700
258759
896536
396326
545689
763314
179156
195687
250659
614597
731738
919886
950729
24684
219102
130118
210075
970929
306610
148100
127588
664559
461461
659398
230947
520153
206920
403396
805828
2313
423908
731736
131804
632971
660136
453948
190676
648483
537110
406382
464571
395802
674520
525153
639014
503241
255918
669639
161538
122266
131874
689907
982078
973772
29418
919381
676269
790224
799723
43786
616893
245140
669539
846034
978690
791986
766064
410058
759587
448024
450368
253682
79996
898501
899142
237363
767975
762579
829535
876779
102721
619681
75524
296039
965279
528518
412855
502793
300397
392342
710517
981646
855983
822696
397938
626391
454200
618266
39442
115410
1553
728275
754675
507169
372105
310476
951172
356612
422209
954227
620365
295425
490804
492258
450048
393181
908037
784320
733548
302480
553193
913433
206981
227267
209939
748204
595748
517706
571169
29171
867919
844632
768896
929419
106017
225410
54585
37378
836362
34257
758321
565032
194458
980530
624372
947629
97055
188249
157817
186260
217693
491902
833440
177882
359921
162701
511635
122274
70487
180227
392262
593074
560636
50637
633280
706263
169493
947850
772864
860864
435188
723363
375276
611960
113643
70976
420094
242551
106590
384241
944441
839118
799037
953533
477146
4079
351869
874172
220461
384679
990299
736499
658247
823597
441223
691679
211232
806095
639025
247470
899881
846693
366151
512503
781943
961112
624759
825562
130007
888553
711954
725357
186860
877575
573683
163280
833948
64228
507437
850929
719682
339700
522572
405105
937029
289065
329315
694065
427403
673021
655106
8711
832061
549397
420576
227777
374418
323217
196149
929763
742898
757693
241987
441113
975774
628164
519552
56062
132041
277235
875636
516740
461487
122340
421256
512825
654170
100003
80552
609951
292747
223271
3350
939018
511363
58974
100226
401715
354331
462040
122199
301135
224706
798667
225597
283879
930068
226547
670882
314976
306610
884069
619774
379458
604786
45072
976277
169152
903971
118856
496070
88781
464464
381962
503092
979178
495079
781948
186485
40028
627067
589181
988598
659493
497717
63454
441906
192918
335376
82564
438083
932797
161347
830142
221662
89968
592607
409461
295434
308160
449893
783158
726034
691348
35309
457177
422366
511973
803593
134630
569929
72432
755834
490576
698058
538887
886851
445166
112333
457958
991981
957780
592842
60502
933037
721517
816057
490160
11763
643383
410232
144057
325888
93663
724214
968159
807515
533106
923936
74909
536657
45425
995689
545587
583139
289147
888213
745533
458095
42536
709375
297875
199001
300188
239658
52607
238956
20757
63536
3685
826270
96205
957128
291261
536654
198545
700190
861921
690704
500610
781442
814816
563636
680149
491889
100053
317472
258701
383908
256204
517454
210213
711088
355690
289182
848428
218896
24235
396236
23328
518335
56980
437420
266585
44432
32835
862065
484823
392589
15587
751182
424170
108832
462030
626488
834479
998400
376826
619845
956906
15120
216145
822587
947370
450834
381053
907436
454100
357970
825024
568800
633790
644722
901707
204753
414684
995136
438634
621597
786665
567715
66866
414244
840503
784272
889889
61424
875788
384932
735497
938989
674651
414403
176082
324345
808399
810402
749878
436342
95678
736187
848488
633368
573920
518021
99047
201816
407720
569411
600854
465175
234372
438589
689762
336942
279168
557134
283975
242791
24069
814383
376
544347
279979
697847
177394
122629
38576
708144
508163
145169
300273
319441
785770
262402
152961
390584
467134
794309
794871
356663
133622
290514
925680
594376
792278
641046
83835
640948
942576
987623
767107
226690
56544
167242
41766
551961
908155
689333
554685
966365
580762
689305
415251
233956
379612
282351
21505
745740
754321
258319
74544
167980
521977
544073
522137
810160
253400
128486
885509
918430
15796
483324
489667
319438
587026
14915
113307
826961
176057
727280
274499
955320
676701
397483
435486
143402
610111
183798
901287
331063
54636
804384
788921
567811
384801
195797
562958
632387
132669
220482
843833
55554
764327
639935
788775
947098
689830
706190
797494
318598
933211
43711
818816
428487
611914
572794
692689
934488
588903
329079
324859
707526
409579
419453
766973
32258
635
975679
443175
441327
27626
924222
418407
154977
222975
915630
194090
551647
143829
371111
605698
5713
984812
673908
230966
555039
98196
937284
854488
565477
229790
603889
521114
199278
179936
96101
165444
805078
546314
110331
124326
770930
296055
266232
679624
390880
817512
134044
732606
955182
83580
119461
485914
511140
450811
546912
550046
698572
343739
189616
849236
511370
11009
321555
47473
22126
203959
413670
234896
233813
274337
422376
570636
226113
29089
833302
877318
432879
347260
458326
180028
506783
284953
773859
614075
862588
24600
532989
96387
613892
156208
770653
909485
29310
237713
952710
949365
360052
848441
550949
171759
601717
376698
57210
911200
335622
616073
913328
290292
658552
633177
472206
353058
191739
363770
879883
657946
974986
894102
698110
512189
791687
501907
685273
171971
499711
409172
176049
706260
997878
641614
571210
742091
79324
652550
947539
704525
795664
787511
581493
153077
348738
54738
980752
572152
240198
432617
109495
183215
319803
833738
896719
217216
333143
64540
699448
397235
169391
408857
587796
659301
684634
196746
281943
439768
82214
540391
212684
204236
305132
412951
996292
337968
445917
904369
602002
845227
654788
504541
230672
250425
53756
403492
17285
229259
183460
783340
719245
301526
40104
389201
580930
17238
931260
190492
501305
321694
752625
195278
610362
289361
119454
292388
697304
322126
163601
543090
382510
611492
73630
928822
617616
770705
680813
841462
869856
530848
412689
837236
618393
755771
634455
993112
854760
144805
557968
831491
107870
485135
972289
839997
499540
801314
954056
297492
470178
283710
851447
537642
944359
543054
297231
921984
274428
977914
571717
179778
355904
680904
884054
849160
513746
456683
405692
372512
646289
469467
689618
515534
633868
995092
926193
276887
378925
609989
663807
871211
124313
330330
790699
634714
727740
616097
969165
790843
406815
14664
156771
104164
975070
638392
532197
76355
636788
316115
256488
741829
826574
816757
258031
766078
277620
620837
833960
546290
358090
366995
811776
756579
19969
548863
61256
294247
136530
80939
580779
110618
453717
832097
372716
841696
987996
844241
974286
650905
120359
256091
405768
512485
657336
316003
672215
637849
598351
209721
736207
232327
951191
43929
874806
609024
576889
424789
487395
300185
694916
230314
958514
498689
989863
29763
202261
810914
957045
884949
398087
794103
599752
536536
189706
13380
929891
497573
264726
748642
684133
230348
394031
176524
15919
470297
10075
945054
312158
745717
190422
904
669048
922535
467371
155209
409042
469162
199975
780589
945527
82055
181363
852091
969527
298781
56888
174895
248938
666494
905683
362380
48417
379129
914796
3950
898546
419281
602178
637628
132498
838327
563239
172937
783526
586592
396323
692355
575112
826370
934340
210906
633250
143351
752479
123919
44114
901313
668421
679306
29614
228242
847324
66838
372408
275826
926788
154853
278715
792940
807585
226653
586421
382115
381884
660754
819787
654739
877947
549792
57337
653873
534004
24630
16348
78547
7423
972995
493699
852759
998809
195334
597167
19827
395174
943910
730381
169195
718673
728987
452444
190941
217961
309199
830942
75082
315381
363319
404608
883083
988546
644586
63079
549859
233976
725009
551012
120197
409897
422662
251256
376339
892694
792397
834959
428082
659701
963896
145947
628274
535633
165814
626251
713086
97766
675697
212742
318603
400052
319307
387008
431732
869617
441241
844934
197731
705615
94671
263374
700703
451826
416080
964505
842517
121952
238998
583848
837231
323924
838858
466145
495796
181213
768595
898816
974518
799912
330756
410629
746684
480144
370224
928526
35283
665254
329500
932690
182227
754934
969824
345478
927043
721649
525260
572777
966440
450230
668722
573796
505535
19509
977581
193325
83865
812018
562110
251617
907817
441790
115347
904820
887783
68824
275463
689746
175440
859963
273954
355203
300826
981828
357906
892142
276483
456274
134677
383182
853722
572905
683871
743461
89991
17097
874812
669529
32320
226600
666439
578681
802633
934692
567016
929302
168814
403441
739384
483398
421934
129803
145412
773484
502114
983220
45318
224081
158558
245972
192651
663211
483724
628878
151574
988567
287609
891192
721229
322934
237470
134863
199154
208912
758021
793937
730894
882880
767010
89826
90020
777487
863840
117875
335427
727865
920245
383620
424526
164818
835589
536035
74562
763077
973437
330547
269695
643208
324357
857377
644582
502713
528324
4778
199972
281218
6052
491504
290835
945498
202869
827743
902235
820740
635858
399235
898849
402691
797270
119473
859179
211403
502885
960781
225697
99547
381677
192594
435309
677806
431432
848100
344398
962014
798990
5101
413881
989350
822708
752378
407574
894189
766825
221736
586824
986199
172104
804214
231339
764642
184057
946773
547734
636313
307624
744588
711895
673975
615747
604873
381040
772550
513475
452279
508662
678577
554340
236642
195786
81687
502325
377677
408200
470427
959584
164472
711949
424497
412720
698020
194042
277216
958755
525842
616245
2003
985380
208619
239541
822885
667571
335614
261451
791375
605645
668831
868505
295981
275654
558964
739496
115052
651058
290185
570589
19305
202016
986100
177179
904125
204300
122522
689759
312975
999605
859875
911238
876052
106654
884275
516281
82536
624163
109960
325346
500623
106924
195284
728185
452483
235840
6423
59743
233720
866563
196236
946832
683016
722425
555196
279030
360405
207142
985376
402627
419681
813130
565102
601161
326844
623092
245740
106105
674872
730866
110273
238705
827270
155160
202119
572928
158390
374586
907107
298072
252485
95714
957538
510969
580804
211741
325441
720927
542665
637718
663464
315628
642795
625004
24668
96861
94105
357734
806157
250769
994755
589569
163123
599346
47583
75247
134901
277781
367444
116637
483557
41297
480711
418453
240003
370139
959887
658926
256046
418618
950487
550422
537571
336559
187853
829104
920048
117482
956375
724811
140687
883751
124465
842609
46357
217460
696509
267191
288279
333626
62845
719484
457748
607977
587918
523849
705242
126921
864057
356700
195235
839790
214724
345448
207982
369016
65605
234238
995611
519586
406355
514249
966879
213090
246601
146329
43921
617610
720989
944345
336040
756695
61727
805853
293762
928771
690759
85958
696493
985120
301559
418786
429707
151442
291356
542723
755025
968307
963986
128459
628097
435448
558816
750639
129029
345376
631786
10164
450809
225951
739990
323146
531025
292475
852523
276580
909187
93799
260735
150971
314659
402896
531946
828863
149285
653248
57144
192154
596809
667242
607319
715118
332277
359458
239226
237844
659
860238
444609
707960
670969
205689
236211
302466
306050
41790
290172
355300
488979
555640
698029
92754
145125
856991
156010
670415
380553
632550
838051
58316
100256
417828
456373
760951
157539
535913
53018
721156
617586
746345
918648
560345
507888
58379
775866
719202
975302
885393
352755
955926
902647
799999
116572
818883
160168
34546
826241
395574
34038
404329
919371
680248
356723
262083
212988
66180
964318
666026
519606
680389
210909
337727
540441
676060
774515
769391
814946
342906
203880
878088
587477
69715
998092
823565
981604
186899
32987
680477
395166
253248
366414
855762
869781
91472
904553
628664
958356
27947
542140
626548
844101
223472
601769
911389
90867
628832
922175
726733
939738
997990
311567
843469
283953
842910
642685
554058
869513
235321
477908
4499
260545
144437
613196
681148
229377
115156
404964
584508
403859
958335
295501
59531
933267
804321
141901
663524
334725
282220
435346
399945
26638
140138
237050
67609
9044
228151
792065
807880
769111
641043
489410
458599
717027
257862
521432
524487
151618
1386
260299
344227
73020
179989
691762
744230
116343
494252
944961
363146
797894
282400
475366
327896
452306
125465
480578
696065
491322
775193
134042
817154
61228
115760
687699
898233
370709
463233
558058
623821
543930
266119
981159
925330
826441
920266
600037
774928
185337
913843
809370
15261
925969
326173
577911
541815
746357
624925
798341
167039
69379
438831
423040
814663
739683
544349
290890
73460
254573
646827
862306
829408
591215
413707
280594
641857
25751
908333
237997
866940
561178
498434
858390
35593
40892
691577
388795
767004
318464
883408
136885
482426
937877
32125
354738
580104
512583
723480
934668
136746
99108
15854
390607
358910
48699
746707
548591
231041
899227
793216
141425
981559
461105
600889
122774
913129
750685
627563
371223
456438
48442
831585
456428
846187
807493
10689
183646
475337
368551
404649
419288
656936
672924
857442
44052
756348
111841
289042
577309
524502
529112
70143
74833
431864
397352
163843
511815
206424
456582
619073
355270
838033
648747
540049
981205
45347
391621
131545
304485
973338
600983
420555
256800
703394
114825
503643
230053
901998
324375
453658
337702
663824
526387
530291
713433
734741
501086
336270
928749
589002
253964
403188
357016
624941
530877
997151
567316
416803
603879
149443
616401
783159
961270
996564
710018
833884
457209
553468
449102
564361
292380
626100
449689
754744
816982
237587
292811
315101
766964
200827
141426
356322
864212
544720
215201
175123
35662
561079
398229
727479
728081
884177
533425
806214
341758
903679
937304
451117
573536
531040
869931
761099
875566
509098
291852
501662
906057
948623
773054
845305
45503
785499
835087
5202
886513
478365
45429
228597
720223
143518
703189
834298
972206
421816
806742
351544
89798
460332
49878
518152
431479
291227
932829
486853
870840
322902
624825
143800
126654
120552
338506
811150
887229
733851
193790
872042
902444
964771
474946
69336
446900
630160
477675
294974
48076
627332
881173
228521
126249
736151
684911
856147
551240
183145
888506
735257
362289
566585
363207
227682
191233
36184
712432
377803
146407
900587
643149
700052
832492
874120
485804
673726
252948
16254
170805
86676
211220
39743
792529
747026
627236
415146
840010
44231
391266
265357
848710
815499
60064
441859
660640
481417
914263
971213
594872
969186
974620
829063
500322
703722
556064
514247
864498
343835
472985
396098
772818
388024
468618
26217
509575
947812
668342
640128
659535
694064
435076
515358
462424
409886
468305
430478
182343
720929
428624
381387
966539
929990
75855
934662
411720
955699
201040
303602
285786
288821
547328
413951
400464
437298
18220
648738
978250
790316
449089
379333
623429
272967
371087
594568
303168
315746
482646
45764
53751
687632
182666
510811
925945
325379
377050
236637
558977
734521
951250
443823
85798
956144
411780
564711
231080
821724
796268
715957
533014
171219
749038
536921
557770
503575
684230
163696
386943
430537
606051
102356
878534
637091
576184
61484
275418
64651
900583
388066
632260
141403
131671
964183
382457
34327
208695
492560
148553
568066
682097
2421
381582
942240
620365
401256
817535
160441
238414
180692
929365
365693
721606
650841
201179
622384
978174
304011
133370
627951
174893
208939
319968
76153
329478
141977
681490
373659
120821
216495
740803
564302
1611
598277
663806
122719
48061
976439
984779
234072
687243
137792
341073
696947
921627
334553
579982
406020
853349
209651
196759
53046
764582
232208
277980
82959
928460
215322
72978
272722
175853
134185
261570
325953
401695
931559
589065
475592
729770
559141
778606
834823
459063
68113
104347
707797
471912
844151
986488
743984
793129
37457
980194
154517
535361
367247
332269
699185
266111
104093
400647
220835
220650
280970
224207
737283
347942
220707
321077
93749
591537
938958
320418
966266
606447
993278
383595
493813
419796
436728
829636
918367
705679
278117
8897
510888
718795
766329
875361
178460
255974
592120
356487
598131
702365
167111
923433
125679
852290
750975
955503
673371
671430
17344
173727
603825
440293
575545
398362
548701
991765
417869
355488
834291
729073
717445
135912
369038
809067
926756
148144
621704
364598
280649
175206
33170
472424
512872
575172
600580
920386
886924
984426
681867
962994
537815
691721
569268
931489
669530
276977
871611
214991
964112
632949
352926
902325
619377
269538
51674
318831
60497
985621
726885
685250
447635
734171
696514
520201
732218
226417
788303
663696
493323
330546
494999
255048
791318
140547
176166
21858
837011
783395
443990
65915
443618
164338
735177
746789
612682
928185
806763
754968
579710
139915
453161
24225
505168
482479
333484
253593
548922
467702
84410
385189
503490
626299
333040
23209
188335
822779
90560
733669
522354
9823
415513
130137
191661
973994
74974
427185
633494
829360
647980
945410
515467
203110
60813
41104
853787
976640
716506
950193
550983
727100
798761
509795
491813
897950
257486
583644
2411
893498
888152
90471
124585
569879
753952
326356
54055
727748
519418
719102
599595
314787
948446
904244
728456
600993
402027
841316
210877
727947
945196
490265
862173
96329
109121
268119
170174
225482
58061
447064
800326
263368
235763
919866
752088
346262
708456
743400
249226
438843
123961
683228
589095
452333
577965
368020
172637
281391
204079
703643
331674
872253
67618
865298
588039
555911
741644
938023
606612
210078
543466
512669
688373
228176
566546
126725
906723
980167
509018
395221
372195
74067
717032
913009
785063
445157
985237
723527
536468
732595
894467
470081
498057
921588
28418
690600
668651
445419
508354
332944
321035
972737
794335
716213
706179
561937
544897
242052
345390
207820
852823
861796
621114
72075
838947
267792
291789
647325
993730
680253
72455
581011
186781
216732
897877
669444
143150
966438
932899
857648
581116
418585
130119
642044
64222
655728
673002
600659
459593
807150
74657
100120
869202
572490
135402
862327
6146
352830
368137
544534
712597
607055
230900
106133
526911
611398
506403
162291
974187
767700
900981
710219
13863
655143
108615
288262
218959
261810
501172
650325
631379
337149
295713
10236
465169
932190
168467
850485
997013
292726
438430
742285
505712
11001
42643
250640
513697
331504
135803
235943
126408
659114
750515
68240
561596
160928
226914
560492
19718
865427
847959
489185
941687
50361
374431
702389
282767
513704
808294
875957
867748
510267
677659
104935
601387
353361
214468
941577
69822
968162
238938
186198
43071
399454
881685
483118
727256
52424
979756
607345
64079
392776
542424
15808
781522
410551
148898
506231
669898
753137
934710
292844
35279
996987
259550
208650
611363
545591
919293
308529
229983
48588
738075
104644
435067
961566
975707
746532
706019
818410
892320
382805
893741
392019
593261
172082
231786
956676
316641
686303
381882
578753
892564
990455
422363
116405
528013
899805
153944
868126
358405
923935
165712
140814
793050
838393
762380
705187
653283
764337
17100
713222
36987
896456
596729
185280
767760
191222
816681
352354
360819
994502
44315
708325
584026
677968
501738
323400
712144
835116
41053
621165
617686
916765
970620
423384
798437
814746
359594
782951
407976
55771
962784
616742
635466
366895
507325
556116
196283
155789
377044
979634
553949
183514
222696
788827
666820
27806
904692
657058
316154
505632
934635
635755
467284
317061
857387
461212
973115
152264
414690
63666
398435
983937
571500
34312
505747
375840
794873
470277
656748
902878
975645
337476
207793
143465
521015
404951
615101
981901
97102
573307
148612
543371
414246
74647
578309
526786
466765
2807
871568
711271
314629
668421
374126
431751
866279
345678
559060
585657
998722
114938
85297
416275
447002
929659
798405
706835
781508
858156
110707
279884
966967
45226
379049
222449
455860
752837
182575
710804
659854
629472
232176
159778
777863
864069
21395
38401
233260
510932
731154
595781
166633
800945
948246
632642
192958
60220
811301
319914
517320
427816
673315
251847
913650
111836
475916
963713
739985
486876
742087
61172
466184
132992
273487
972144
867552
220066
797052
872079
221127
998807
194909
228351
756645
541643
843784
568238
330497
461632
751115
590834
501923
510884
742009
818655
308379
805132
387246
608220
442276
945023
344957
953848
270906
988504
557029
591457
354301
47076
328774
41186
962429
490936
326033
686946
519906
134027
350234
91470
695984
954474
926290
459653
145115
517193
324561
924680
96604
7574
52741
63708
588110
624000
741454
962480
443598
577110
33708
609387
185004
188929
444310
391334
9537
364757
110561
13191
251366
371271
556734
507530
503032
942687
797604
644022
599524
467844
160787
694052
901016
327389
433062
338281
974737
381883
270158
478939
210522
683203
417281
683053
413793
740218
95027
945744
487985
730306
339876
457975
803278
209336
626732
524888
265077
722559
202245
670663
469041
670540
93940
550619
232019
553833
4855
299849
937867
212564
791004
665613
149644
140272
920528
274756
880263
471449
76278
479189
489531
852627
601401
63072
681753
506189
445359
432631
716601
200437
980787
691009
633674
135433
273728
710577
433787
259303
460283
238980
195136
186915
313860
44495
983975
15266
297129
65656
365749
490858
767738
448475
515467
795472
473540
124591
217472
141067
872665
587825
514883
748148
463129
320731
559390
286951
519016
90010
977681
476901
781885
573174
313360
447465
292889
427704
799667
491447
358972
984180
684820
805934
236140
842239
202260
671077
263209
403753
914834
698691
439460
331342
147185
504343
427855
625277
312905
618508
374533
270542
260942
885329
185043
949269
905360
271617
392487
26348
801049
712437
364856
938311
68156
643436
429821
727450
77188
614786
444479
994470
70225
64306
232410
864161
564220
903902
816172
719712
330668
575628
108649
555089
834803
352648
607024
115622
911495
848691
845799
703094
155040
644871
426584
766157
743279
89018
708980
39425
2837
209338
520775
658027
911735
565354
696734
622066
934699
666441
80242
189659
673841
347869
415089
391163
143168
889047
752258
432341
943996
317743
111622
107429
487833
854699
187474
656123
532747
838257
403201
616611
636689
550238
29680
319459
728348
103219
960645
377683
249428
891002
257981
998608
76652
105988
243117
670589
37695
458268
605103
121913
437696
269361
912050
482850
706264
295982
654249
194102
554216
816667
91176
105909
29431
27980
404762
773345
121126
467798
109348
351901
424355
676674
39733
306505
741226
122117
949352
977441
499013
563412
119935
661241
84542
847512
38285
953557
780803
42832
469267
12405
175647
52494
18465
341891
735078
415669
915868
39883
730569
735659
583439
275031
419878
524756
659190
880738
657035
438142
923323
868761
744457
491661
606790
871799
134059
841772
258310
323116
26033
901204
9641
629579
575873
73900
298122
911627
739069
216692
567115
530302
476411
731229
85721
614043
360661
20154
614237
123868
578066
785370
526212
952878
274365
21250
458183
250519
559854
526796
613860
606964
476045
375162
279589
530654
482301
866861
38841
575705
19976
194325
752908
748275
275476
32862
306853
490997
640718
903185
457819
562695
26474
660961
354305
305782
422776
91462
988685
287061
468356
461736
925975
149768
706675
44630
612262
414105
855960
938993
480177
131297
378845
114436
569358
654300
864098
620293
843368
978012
328280
637234
225227
253605
821140
329783
646257
283206
731233
638193
355414
767252
762988
729462
43321
649398
23652
119937
912680
13531
967462
534513
608641
50421
294352
120430
106947
222639
496403
147023
653648
380253
669956
429369
40617
475880
959413
539464
522639
98770
677974
274253
351859
206680
973281
649589
282694
859716
837899
731867
457571
761849
256380
261288
909639
806529
848038
160681
389385
622853
435984
407267
65676
393111
714484
401748
775620
49097
231788
676460
937152
869223
393578
910412
984048
653649
432593
261033
544051
570349
117843
89798
601225
45487
473673
519521
56207
424908
566618
529584
102774
734403
290907
430718
424259
488077
701597
626439
89590
278335
873040
247013
837188
839166
120306
692069
220651
712547
798195
55573
50807
381020
332541
411458
17246
964428
1316
395265
939461
217903
841231
67106
781132
410252
700562
476102
641773
207488
570746
52815
992645
628483
555821
216125
935026
313842
774980
590511
879770
412535
947823
160802
249427
707274
542123
560554
586960
804013
550051
818179
904815
620368
49229
77536
439160
548137
545462
555195
559517
756482
997566
768180
269570
310476
2828
422133
904844
659194
370657
888572
68414
787402
871261
959137
100619
66192
601050
503721
720281
520346
630762
190634
238701
75338
885997
963097
958071
400782
225325
88256
639871
273495
488354
565123
904285
476197
877202
387519
907624
845779
35388
817708
628452
512141
111746
859329
16621
830911
194138
528819
278415
80956
551194
779372
853862
811234
189879
474434
315712
96905
405070
179891
992968
468756
69018
94290
232341
898929
76405
592103
502857
847625
412457
492084
299341
344306
883473
107396
399141
413739
321480
63748
500604
776156
107072
214836
597061
587610
270386
125980
916482
118134
27448
343993
112181
520913
341541
243978
123203
523037
206319
170409
775193
6308
278007
788368
645576
588626
606286
810779
177341
32874
952934
429588
159258
422278
1250
424100
404102
345018
353425
526363
176535
33633
951611
676852
918876
294698
675937
343545
638515
164972
90360
773932
914965
286295
956772
417631
584368
886096
723089
173138
536482
997733
534202
981672
578402
658844
760363
480711
473806
100165
464097
66145
329276
322073
686343
491441
268335
639109
950206
505962
357001
200934
497125
786505
789125
751648
239990
780177
693411
321812
953644
109079
716726
395661
540973
543044
106795
590930
749042
641932
297452
142122
781758
96718
125437
945458
553437
778960
710178
23736
302132
618726
821481
26047
747277
721367
933201
671491
776022
476459
244463
248437
937455
123874
905283
834954
833026
785287
310503
917669
589114
833326
8369
971257
16935
777030
777314
152732
507488
587574
824711
868836
195110
420414
577315
849311
224162
555758
331273
422553
423453
805116
400448
10090
181587
323559
242108
924398
171792
864643
761953
706371
821612
184402
357246
973300
618535
394543
688091
888106
46861
250810
340054
840197
465975
361763
5458
447702
153100
553132
622837
175971
782396
354099
780833
465716
985550
152414
793694
178901
539810
779813
654344
274439
541963
522437
911719
991095
351041
13691
601670
269186
610965
461849
484890
905029
392242
737646
662937
550090
448161
411957
566124
950374
547146
507828
404421
428802
736793
213648
850
700000
363523
127544
507992
695848
851969
309434
149377
378933
445932
181208
150001
964885
459297
285632
200461
392364
172841
160194
28393
812233
868385
16637
54933
241202
757110
41934
896263
426681
468734
435409
722143
737872
685525
31548
668738
817318
867244
912267
435364
249739
484161
326808
171626
206719
447852
972944
505136
187564
473762
25495
648411
291001
911991
347797
808342
678432
848102
885986
905456
448273
131463
548321
707824
561940
166904
645749
511481
405752
505418
184044
528713
811316
248503
438032
292056
601137
543612
566013
548139
36394
159442
881555
777915
450197
875586
925026
155916
9959
474738
832274
953960
966203
32891
795970
153871
271633
100063
521748
566562
356207
599522
293521
986240
294400
295233
233927
898189
39668
555009
889552
813392
582609
433333
26590
295152
654470
198786
705069
932061
249609
707765
395925
168695
358890
334358
997246
179035
633035
187317
671028
895965
240626
739876
830448
943639
481999
121308
403489
147356
820980
217139
603668
162815
864174
568260
263676
712338
550775
571935
122816
332938
364286
502712
137190
512720
80163
679538
885284
324135
658810
812992
58873
195684
649779
55862
985236
444023
818572
952777
314189
542028
945409
314002
898054
512682
855150
624383
904974
169066
371120
965798
330022
451744
713117
419679
68468
952129
42358
75476
857104
740707
297125
830353
691390
391457
991424
448898
410412
119503
821407
400069
836388
680871
944778
865967
354360
379277
615391
276530
308106
634522
973034
389263
995063
39635
904900
477130
577374
720388
472213
639573
111443
746059
703219
334753
163520
990970
133083
930816
73877
502225
428810
647268
334636
115922
904139
40163
838934
537714
69100
721102
225947
455276
64969
881708
361179
114935
102643
186861
992250
264887
315092
997310
441943
45207
99739
789492
153575
401341
12271
649589
622349
801462
243231
457979
449940
146304
264189
573822
805298
239703
123007
287456
95469
873320
556750
2444
272682
242334
223184
844739
358416
614416
678123
783842
344085
567524
797753
58151
164843
511833
294979
302453
837294
196301
265334
468245
28955
230242
660074
811231
315807
262374
356367
606494
39553
531446
301693
340733
957368
876541
941253
782178
407494
728039
98047
688194
413936
156650
506660
698957
749535
497475
963594
408241
881597
633861
224584
639498
54115
844692
687315
250876
956973
913528
134128
355825
866112
335265
610932
578437
197086
721990
234601
874614
783831
965176
595733
593911
404478
328211
714191
696410
169201
980203
993722
128543
995217
676960
639511
400381
373502
723762
947602
867776
556937
549329
158610
105644
702878
910394
750540
56672
182778
683642
724917
235308
211874
783390
559037
449470
96796
982365
23490
689942
74579
610819
752252
674614
391176
137873
631896
391539
572165
768116
400664
446247
595185
242159
493626
630342
626592
736660
331957
882023
608293
557362
992176
456057
608431
964397
754183
594769
72994
614673
176254
56338
90925
293070
310556
702372
914383
909445
273120
481447
997685
868796
4689
960377
239216
927644
459566
808146
915505
640929
979997
240436
514889
242065
275342
648187
878719
899821
489550
292179
572353
43695
459058
33105
468489
115411
627357
424854
557414
176873
494493
713241
693236
474530
628409
718333
858044
676095
944231
442675
971021
916648
803376
573685
618821
635306
647480
38473
152926
432830
482919
50464
48121
762947
236950
573691
376685
27562
313444
972412
654622
207825
316485
171497
445121
608915
561304
960410
931098
444556
750015
48337
811582
265997
313096
721340
905964
481621
634909
389745
800145
132404
866512
139155
229393
232501
549364
123554
254490
413119
493688
879929
13808
641454
367172
353269
546848
379983
450677
598965
886172
465049
461931
812007
376745
100498
902295
853044
473146
885515
17657
536564
976230
357265
818387
123432
137521
348386
606698
658201
267011
506343
158336
172665
91419
86994
306657
58340
941195
506022
651928
434237
754096
614707
833501
640390
689302
380117
396651
424178
377600
485515
111677
717655
266919
141705
578014
486340
486396
771077
168472
227598
568092
501289
839785
386395
861472
437814
420176
90247
18943
813523
635306
239274
511624
781370
780962
911043
600937
113835
209
284887
471798
637184
872025
478027
885170
870762
790693
381515
207273
70674
501287
96463
785139
19712
553914
924797
399469
765276
79227
642770
915910
266087
638077
623023
793089
58429
966933
452883
364765
728094
976933
749500
999073
549355
231537
103503
979798
707911
717888
782943
790313
647173
778480
532568
187242
41004
889895
452688
240853
351408
817705
885149
294399
870558
660367
182259
222530
749586
451399
375694
876812
60995
815575
760503
567402
93482
288806
66665
881501
501390
121544
687502
191268
21076
624947
680433
299194
40458
508812
570070
565884
163595
694252
399691
193563
515679
664249
129036
190361
256930
706592
418520
314412
12292
411128
154227
694076
194350
17599
684843
656987
426479
135456
741987
727085
614863
703464
992423
82410
716504
647412
122332
991983
135184
333937
884463
561966
557136
569435
712009
580367
995804
82313
830610
996776
388783
827056
714180
250575
305958
187970
549646
9466
176379
890742
625934
224746
914100
251227
973281
683855
196249
760755
650938
296535
128013
370924
551944
178061
125555
600350
512780
555178
319910
408908
551468
260615
947811
961192
922601
99130
979288
985156
3391
678269
65073
899067
871541
7424
260560
547652
654895
500177
452845
548386
948627
599510
788262
227798
163247
329973
350504
113987
492227
353168
120289
948419
701708
933221
809124
161845
662351
984913
806167
826142
781091
15661
513787
136741
168416
163789
380795
463614
530092
914484
589251
430672
670831
424041
922267
696799
672439
933923
586864
634260
87900
87755
542696
474757
190050
393305
991568
760118
24323
215888
820010
496046
394921
587488
157631
173870
472216
10146
357464
911741
860679
193302
156831
525289
793744
248380
893043
693161
309601
887569
409413
230749
642545
720104
783168
274583
368936
75016
971786
508660
800221
527249
627450
170117
291600
939703
931779
300990
45552
317864
329290
91722
168698
233685
301693
805226
857990
840890
657185
175187
643385
498349
720413
297132
604923
204587
906563
498766
868296
511346
883867
75565
495807
580486
886536
543082
696668
708595
128605
378126
44034
686691
997166
687414
693104
955978
185134
347484
178960
59904
162120
225745
593454
431180
932754
654312
594846
400651
103618
293289
994501
247170
396060
861376
919241
471023
365967
443545
799797
645127
453144
780397
628583
990010
722844
878656
551541
563411
767837
921518
327994
182139
144822
463221
662188
369828
134835
655357
157929
62076
753049
175410
596305
200178
890825
59282
975403
187109
786225
245865
123823
210112
588146
934217
664782
525789
237546
481528
657234
367242
190035
788553
172795
172218
304102
495067
229449
239249
937475
413263
97229
238190
56611
440869
781008
247464
904604
146196
276906
228376
605977
422691
960745
623448
92227
115556
238863
134820
814986
785142
672715
178860
938260
348243
714205
566988
432082
970956
306083
100534
554630
202665
89708
23043
234275
207136
311601
541284
240482
971858
337071
277375
74591
457835
287546
331383
390719
261488
911360
919427
97045
570390
202946
622697
456470
647373
782941
779310
914243
5810
983165
539393
331223
994770
892004
989975
294979
972164
664862
947301
138040
554923
55272
317552
810155
879697
787781
160311
406854
844671
980779
775635
489689
100188
62043
32712
781354
211618
350970
301251
743540
251051
866905
528785
584093
603596
26958
69119
642989
880398
677486
409540
119190
902241
701997
893202
452463
565444
399287
219058
63098
944811
801022
322421
333129
214979
703228
926893
929358
982924
764985
766433
486169
989025
521489
787999
999064
677824
750763
336719
691137
301968
66459
150854
978816
724569
282602
879335
430206
121079
803968
49006
947727
48370
238078
673152
23907
649681
955915
791623
100174
166809
117655
631051
992292
248440
113701
249951
485156
816575
114350
123086
742242
839666
767450
658137
105491
457573
836818
60497
711272
773602
288921
717983
956695
884462
820231
746150
655721
32350
550891
106844
436445
412317
361891
756707
626539
775835
966343
376858
200074
219852
381241
59134
379767
686395
264800
403166
803752
22141
580212
395025
828369
457153
248897
913626
669126
625717
327551
257307
280745
676476
286704
405649
366569
256050
439743
275758
544456
397070
689404
289494
281721
979762
905143
759862
185827
471818
47756
82271
683222
397921
505020
332752
127547
265654
429935
160955
843044
369852
775564
214817
111952
677693
135825
457945
918252
309194
15465
867774
361102
706431
287976
70660
452140
33551
883418
157127
95517
557896
673157
413869
453745
88745
708732
806031
856850
781452
139248
409796
72738
269346
81561
993789
512358
649214
140854
862688
187173
643849
368252
878557
423193
888676
643873
810800
582997
60950
712279
816021
734014
874328
828013
12596
583263
968550
936176
405112
395429
645643
482371
969212
684549
938059
625473
425170
159238
450529
83057
319100
123268
350897
549049
129613
851596
236448
70458
918934
136680
218073
622954
598091
612250
270610
31446
192805
64911
327786
895564
950263
744499
463671
103013
990023
52221
34271
820347
819541
954654
439588
267657
612352
383423
382498
811747
937243
412226
288840
277031
232846
243787
323369
425187
720759
364617
368926
626156
6507
179613
112463
948770
620855
600965
578415
918449
561411
71117
137271
363557
714325
866338
584085
196003
726092
611748
843667
609300
369435
584069
412181
695797
726113
504377
72599
200792
410567
186121
929415
596048
874674
205287
186263
747374
845677
159321
715561
176680
724218
382429
534875
935392
253476
530247
95502
868158
656577
809173
908941
687493
593297
211619
11870
474154
540751
700137
549236
41414
592211
850091
130262
716933
52338
428071
826946
117265
395001
296694
927211
89688
823414
566792
977231
206077
807968
320906
942911
424195
60217
448010
213805
80813
543323
6091
200152
477727
179193
187998
512266
133957
702566
591450
551201
765122
999483
320598
94167
445270
299954
590707
952402
485084
661375
692018
51238
74534
874000
72912
505119
916542
318994
343436
217675
676675
905754
42887
790445
947583
731231
383502
254301
626686
824145
119347
937584
997584
723194
874248
241885
612498
497706
997377
58546
61436
48545
296276
177861
790283
210744
571344
156556
364762
234835
938100
543048
465388
421360
235402
198620
193639
144329
445578
164119
879559
419174
224936
363040
377717
124878
893056
941804
534351
618802
19347
812070
86270
997169
452815
388126
315561
59533
425771
876657
987364
188719
356089
785387
880622
164744
146738
545978
911372
720547
1211
606911
660037
736276
151591
323103
331062
492499
581282
532293
847193
835229
632
974633
191343
549163
68395
189837
571830
494828
349779
45570
362779
505339
917887
6236
499575
957574
502363
782060
603245
160405
979089
275964
368235
813935
231530
853228
858465
194285
859560
831974
405549
200405
243391
922045
842012
474944
107487
427261
613970
897483
717286
404410
550714
237668
533398
234087
541605
848304
950328
373805
468568
802102
813968
556853
902027
390276
437468
919969
2919
13357
417252
580158
804786
678738
854536
512270
757832
602049
594319
673531
197114
451002
570566
57973
477160
575498
394658
623372
333649
145192
955002
156921
312495
124511
845937
519507
719134
485594
182084
149374
350840
353927
847130
741090
726921
531998
790374
175258
620072
917205
94577
415231
475753
205424
59104
501819
238149
476043
483576
515988
361127
544911
547300
539711
888597
956911
303842
300565
173777
608360
314091
730315
900110
151188
435976
41283
641492
865195
117494
105455
875451
459283
456500
548787
754177
932535
596605
83797
332530
621583
163210
310448
998448
142879
254055
661359
454261
326331
274457
64239
194536
890210
255150
66740
357601
697068
541651
423967
482610
164693
700370
983618
345737
948760
77230
203531
964456
570465
614997
651407
965560
123109
414020
388187
899418
182648
634196
790459
939519
804427
763374
13828
907371
906125
150631
161946
732095
53324
346894
276856
260279
904401
243443
906503
897927
111156
310538
520806
835052
644014
244664
77759
158898
536569
435702
498912
721465
387429
675541
592038
66579
333954
813804
398632
809992
846393
421236
107543
109804
420147
794041
992864
93957
535537
941219
475393
467926
97243
854872
452533
553346
337567
586705
769568
481396
604199
135591
373499
490814
619657
165445
581277
545606
513153
817096
725683
582753
26310
980260
913734
928167
509277
885853
61659
213686
997894
677539
43292
651407
279566
716107
987561
477759
70201
424977
477726
786999
195402
372725
333388
900207
251958
700088
607717
934420
723454
745920
480117
549286
299615
104330
120148
587732
972284
443409
866167
105305
175271
793140
261494
900377
597718
424184
655249
564530
641191
450135
87609
740792
850065
26449
582734
4652
829612
222331
496511
489742
463319
369140
756295
248255
14033
144593
915837
36372
532947
709085
693364
74624
929690
744670
672547
515271
714068
430944
496339
695908
62431
500622
809821
518783
408334
539441
986458
854083
766287
774731
10090
663458
981425
984791
748877
932739
119760
954866
659390
863722
596306
626812
17386
390346
953506
199524
261240
971384
931106
742919
715269
491646
366006
843259
225377
677067
256930
645816
111557
896493
193113
970167
863898
115761
817938
799038
254276
699283
433887
738255
141800
411395
102566
369528
381313
726589
604403
382117
671948
406267
416329
29285
686313
577599
602470
974128
245918
100862
182456
464814
266098
903280
60466
320789
117050
265828
3535
337451
170556
395547
168080
943907
586765
789166
693025
812583
97194
203127
813782
558763
220567
420104
83970
434244
299478
812733
592789
34687
360681
29493
846800
406564
56050
363961
102064
348258
718125
365781
563541
277911
106537
986286
609821
786134
919203
538617
726760
913574
708674
450602
489394
787060
715500
639850
58040
762129
74853
886638
993784
858126
153799
130384
882943
683592
695251
622567
252202
282432
8730
50356
48988
292694
246823
81363
346778
399042
510489
371562
263224
846482
694769
437455
67299
996904
104846
425315
230804
218482
895340
720402
58042
808252
338673
111842
233647
52045
376413
244408
697960
790976
119857
361573
935588
465377
409705
11484
209042
581600
496969
724002
128718
565161
554214
560556
909430
220722
323015
515924
997540
88409
31441
690530
710791
786625
951685
935093
899210
516524
945473
927068
333014
743798
201915
563985
601750
953884
609675
388275
521648
420409
865932
313342
612593
566598
629276
537452
72170
728977
331585
978866
944059
401251
87698
684767
206060
789863
655857
762997
43915
647427
539703
555259
84143
620047
478601
975029
114894
832232
509368
65915
174010
328644
420961
543068
603385
930544
20932
325617
528292
803182
376038
20008
264166
46198
75194
426186
922961
925768
631511
229198
955637
730194
557208
608649
976825
347528
923656
811584
742683
532817
873336
500187
890340
160785
115329
934122
503836
689989
229264
94420
267206
362050
709175
892534
826519
432019
457755
644059
708263
587352
327572
140514
888936
973777
282694
469984