999984
999843
999777
999773
999750
999723
999711
996192
996058
995891
995871
994218
994192
993154
993141
993124
993062
993024
993019
992932
992884
992631
992559
992493
992451
992300
992232
992224
992212
992188
992125
992121
992101
992062
992021
992004
991928
991792
991782
991760
991703
991695
991651
991625
991604
991353
991332
991168
991122
991116
990996
990845
990821
990819
990819
990694
990646
990477
990465
990427
990406
990312
990279
990258
990216
990111
990071
990052
989942
989929
989917
989881
989855
989845
989838
989821
989809
989809
989757
989710
989582
989581
989574
989549
989472
989418
989416
989387
989318
989243
989216
989167
989076
988945
988899
988858
988816
988810
988713
988671
988658
988646
988614
988558
988502
988493
988486
988485
988481
988464
988460
988250
988244
988191
988148
988142
988116
987966
987911
987901
987888
987875
987852
987843
987775
987762
987732
987716
987673
987633
987573
987546
987482
987459
987439
987388
987356
987164
987150
987101
987073
987050
987028
986964
986916
986892
986825
986787
986773
986585
986566
986486
986477
986433
986265
986221
986217
986154
986146
986059
985884
985680
985603
985581
985362
985336
985311
985305
985260
985255
985251
985234
985005
984932
984874
984796
984761
984757
984681
984590
984529
984314
984310
984278
984274
984254
984243
984241
984100
984027
984010
983978
983955
983913
983894
983890
983769
983696
983694
983680
983589
983528
983435
983419
983399
983378
983372
983296
983273
983191
983109
983000
983000
982977
982971
982923
982886
982820
982799
982749
982740
982740
982714
982700
982646
982556
982504
982419
982369
982282
982270
982256
982223
982189
982142
982119
982105
982074
982054
981907
981769
981760
981689
981669
981656
981642
981631
981593
981571
981567
981555
981542
981518
981513
981416
981395
981394
981342
981340
981264
981086
970083
970044
970036
970014
970010
970000
969977
969897
969808
969742
969728
969727
969716
969716
969710
969639
969473
969464
969410
969303
969293
969263
969057
968976
968932
968931
968905
968904
968883
968833
968721
968643
968556
968536
968460
968408
968401
968386
968362
968352
968302
968255
968252
968242
968154
968134
968109
968101
968061
968034
967914
967847
967811
967799
967797
967749
967735
967652
967491
967468
967448
967373
967098
967068
967058
967044
966967
966821
966758
966731
966678
966655
966652
966640
966600
966469
966434
966306
966306
966182
966021
965925
965915
965909
965892
965805
965805
965761
965522
965483
965458
965427
965398
965340
965326
965295
965225
965202
965167
965089
965039
964976
964923
964838
964815
964798
964787
964651
964610
964609
964597
964567
964542
964484
964469
964399
964357
964351
964337
964222
964180
964074
964018
963965
963959
963717
963687
963619
963614
963487
963419
963359
963315
963278
963195
963191
963123
963083
962990
962816
962811
962640
962600
962544
962350
962298
962266
962260
962208
962116
962072
962070
962056
962033
962008
961908
961885
961832
961817
961810
961787
961778
961587
961583
961562
961511
961477
961428
961416
961289
961264
961218
961171
961103
961032
960993
960951
960934
960928
960877
960777
960772
960737
960709
960492
960492
960424
960396
960386
960281
960261
960227
960205
960141
960139
960070
960063
960058
960021
959999
959994
959987
959968
959955
959844
959833
959813
959634
959622
959537
959500
959491
959487
959474
959464
959443
959428
959402
959395
959352
959235
959176
959073
959071
959045
959031
958988
958987
958970
958931
958874
958746
958668
958658
958571
958519
958515
958493
958438
958410
958296
958284
958240
958194
958146
958124
958108
958107
958010
957973
957954
957853
957821
957707
957704
957680
957679
957672
957658
957514
957504
957471
957426
957303
957254
957252
957196
957043
957038
956929
956922
956912
956859
956819
956762
956712
956643
956527
956495
956456
956405
956334
956278
956158
956152
955993
955982
955863
955862
955847
955802
955751
955750
955670
955619
955599
955578
955555
955489
955448
955416
955388
955318
955275
955259
955242
955181
955162
955079
955061
955036
955019
954803
954743
954737
954704
954685
954558
954484
954482
954464
954429
954344
954342
954290
954290
954220
954219
954182
954136
954130
954097
953854
953830
953731
953693
953667
953653
953573
953564
953481
953477
953419
953326
953259
953192
953110
953045
953038
953017
952979
952970
952883
952870
952861
952782
952759
952754
952745
952717
952647
952628
952602
952594
952572
952470
952412
952285
952275
952144
952075
951966
951906
951905
951882
951840
951828
951799
951796
951792
951731
951620
951615
951597
951544
951500
951487
951477
951468
951455
951338
951334
951158
951132
951111
950971
950963
950953
950927
950922
950914
950838
950794
950744
950732
950687
950664
950626
950538
950512
950424
950414
950332
950069
950066
950013
949975
949919
949912
949910
949883
949866
949771
949732
949653
949599
949561
949557
949430
949421
949324
949282
949240
949134
949096
949061
949014
949012
949010
948939
948898
948894
948866
948860
948846
948841
948802
948791
948719
948701
948658
948603
948580
948550
948455
948290
948242
948237
948227
948195
948116
948059
947917
947882
947821
947773
947756
947740
947639
947621
947534
947513
947509
947452
947425
947374
947366
947281
947264
947243
946983
946891
946865
946863
946732
946702
946617
946601
946554
946515
946482
946474
946469
946456
943282
943190
943155
943024
942966
942945
942940
942878
942855
942840
942815
942808
942771
942767
942708
942695
942675
942564
942432
942389
942366
942346
942321
942247
942234
942219
942219
942198
942124
941975
941943
941938
941935
941801
941734
941674
941605
926956
926956
926920
926898
926746
926706
926600
926443
926440
926436
926395
926387
926375
926353
926351
926295
926216
926194
926065
926025
926015
925990
925988
925893
925873
925837
925652
925613
925530
925524
925419
925405
925295
925196
925149
925098
925095
924949
924936
924813
924789
924774
924717
924653
924541
924531
924450
924359
924292
924272
924248
924175
924085
924066
923945
923656
923581
923543
923425
923383
923367
923321
923317
923303
923287
923269
923201
923120
923114
923072
923042
923036
922890
922883
922827
922794
922790
922788
922747
922737
922649
922632
922621
922565
922562
922511
922473
922429
922414
922400
922384
922336
922330
922077
921891
921514
921487
921411
921399
921310
921263
921177
921171
921101
921083
920928
920879
920790
920730
920656
920615
920601
920452
920362
920304
920304
920279
920175
920155
920137
920093
920076
920022
920004
919995
919965
919890
919803
919750
919698
919697
919695
919684
919668
919599
919515
919486
919407
919405
919396
919387
919385
919355
919308
919241
919238
919121
919066
918909
918793
918744
918636
918615
918500
918494
918457
918443
918319
918284
918197
918177
918119
918112
918033
917967
917908
917906
917850
917835
917656
917575
917562
917520
917412
917317
917306
917293
917145
917119
917088
917073
916998
916943
916937
916867
916840
916758
916693
916639
916633
916607
907649
907630
907606
907508
907472
907374
907373
907350
907230
907199
907172
907088
907013
907002
906989
906952
906931
906913
906852
906827
906803
906801
906756
906675
906601
906574
906503
906456
906294
906264
906251
906237
906236
906221
906153
906127
906118
906106
906104
906006
905957
905939
905922
905920
905888
905856
905817
905778
905676
905676
905617
905479
905401
905168
905131
905103
903992
903847
903840
903827
903822
903804
903787
903782
903742
903483
903479
903458
903442
903437
903377
903362
903352
903247
903148
903089
903026
902998
902968
902946
902936
902933
902878
902875
902874
902871
902829
902728
902699
902656
902493
902404
902378
902275
902238
902044
902036
901826
901735
901697
901615
901612
901583
901510
901442
901436
901435
901295
901186
901099
900904
900887
896985
896969
896956
896890
896883
896836
896835
896788
896737
896714
896699
896680
896675
896647
896638
896528
896501
896450
896399
896385
896367
896317
896302
896296
896228
896114
894791
881958
881954
881858
881711
881703
881676
881653
881538
881512
881472
881366
881310
881234
881103
881047
881043
880992
880991
880797
880758
880743
880612
880608
880539
880503
880443
880381
880258
880237
880196
880070
880049
880028
879949
879944
879929
879885
879816
879686
879673
879377
879240
879211
879090
879080
879011
878772
878646
878569
878531
878498
878467
878085
878051
877968
877842
877805
877767
877670
877585
877439
877332
877252
877213
877188
877060
876879
876818
876770
876749
876683
876594
876576
876325
876283
876281
876278
876183
876135
876026
875991
875985
875895
875892
875873
875791
875707
875670
875629
875546
875420
875355
875278
875228
875228
875227
875194
875145
875127
875117
875112
875095
875088
875081
875067
875051
875041
875027
874944
874943
874880
874838
874822
874819
874782
874700
874643
874579
874570
874542
874443
874427
874400
874311
874227
874197
874194
874181
874179
874087
874054
873997
873988
873931
873905
873873
873860
873849
873825
873705
873683
873651
873647
873622
873604
873579
873575
873548
873533
873457
873456
873396
873380
873375
873348
873317
873252
873233
873213
873203
873178
873159
873152
873135
873007
872964
872946
872928
872922
872795
872695
872687
872653
872578
872572
872538
872468
872231
872173
872104
872078
872069
872062
872041
872007
871843
871789
871713
871687
871680
871587
869933
869866
869848
869806
869750
869743
869714
869709
869611
869466
869458
869387
869349
869337
869266
869231
869059
869055
869044
869021
868910
868900
868899
868848
868833
868827
868778
868747
868476
868455
868399
868394
868353
868352
868345
868207
868199
868093
868093
867987
867945
867842
867829
867762
867693
867678
867660
867570
867546
867460
867457
867451
867284
867189
867107
867029
866902
866885
866867
866862
866846
866786
866780
866775
866742
866656
866631
866617
866588
866585
866468
866442
866393
866338
866241
866129
866118
866112
865932
865929
865897
865850
865833
865775
865616
865592
865549
865413
865390
865384
865377
865343
865230
865211
865196
865109
865035
865026
864972
864866
864848
864649
864631
864592
864587
864586
864566
864499
864496
864368
864295
864213
864146
864073
863952
863804
863772
863594
863579
863415
863404
863402
863396
863364
863339
863233
863201
863136
863077
863025
862985
862941
862772
862765
862706
862678
862676
862667
862607
862602
862540
862497
862447
862423
862395
862364
848711
848622
848564
848519
848458
848247
848221
848129
848087
848012
847998
847958
847889
847816
847727
847369
847328
847292
847201
847047
847038
847018
846992
846840
846785
846601
846548
846529
846516
846468
846411
846376
846284
846259
846258
846192
846167
846163
846157
846122
846078
846001
845958
845957
845878
845863
845842
845791
845730
845706
845676
845655
845604
845581
845568
845563
845537
845503
845464
845370
845262
845196
845079
845030
845000
844963
844941
844933
844815
844745
844721
844605
844598
844569
844519
844482
844285
844236
844235
844201
844198
844187
844167
844037
844033
844031
844017
843878
843798
843790
843783
843750
843688
843618
843567
843493
843436
843427
843423
843280
843191
843183
843116
843104
843049
843010
843008
842982
842953
842925
842918
842911
842841
842772
842730
842638
842592
842571
842519
842511
842508
842495
842435
842426
842350
842314
842282
842218
842196
842184
842143
842126
842125
842051
842038
841982
841943
841918
841914
841911
841897
841894
841886
841875
841833
841815
841804
841738
841711
841710
841663
841626
841625
841579
841514
841362
841309
841223
841223
841205
841140
841050
840872
840859
840846
840791
840757
840644
840521
840505
840476
840424
840394
840372
840330
840330
840301
840257
840138
840133
840066
840036
840001
840001
839973
839970
839922
839882
839881
839863
839861
839833
839782
839712
839701
839612
839610
839601
839577
839517
839463
839409
839389
839363
839314
839292
839255
839221
839189
839177
839159
839141
839117
839116
839045
839020
838903
838863
838845
838825
838765
838685
838604
838559
838519
838493
838492
838453
838316
838191
838172
838131
838025
837803
837732
837627
837610
837579
837564
837541
837506
837486
837423
837362
837299
837275
837259
837081
836958
835791
835767
835746
835694
835667
835651
835594
835589
835581
835500
835363
835358
835337
835184
835178
835086
835070
834996
834962
834939
834776
834772
834749
834727
834609
834457
834411
834378
834308
834270
834239
834233
834228
834184
834184
834147
834146
834115
834063
834021
834017
834004
833890
833889
833876
833801
833732
833717
833687
833583
833560
833517
833517
833444
833348
833316
833279
833265
833116
833049
833004
832856
832769
832685
832615
832588
832566
832517
832479
832387
832372
832283
832275
832257
832089
832087
832034
832017
831940
831924
831855
831850
831835
831743
831697
831656
831639
831252
831189
831150
831125
831085
831067
830997
830918
830732
830707
830696
830685
830674
830669
830516
830467
830317
830312
830299
830290
830281
830243
830212
830205
830122
830096
830065
830057
830043
830027
830003
829855
829725
829694
829665
829657
829634
829608
829605
816864
816797
816771
816744
816723
816688
816680
816516
816469
816463
816440
816418
816399
816372
816350
816333
816298
816247
816201
816138
816096
816043
815986
815925
815890
815778
815751
815711
815704
815704
815620
815485
815471
815440
815360
815203
815201
815150
815092
814988
814953
814838
814714
814675
814672
814652
814615
814605
814598
814581
814579
814499
814455
814441
814354
814221
814200
814173
814017
813797
813770
813741
813729
813667
813620
813577
813547
813524
813512
813498
813345
813339
813273
813246
813176
813171
813153
813121
813087
813034
813008
812971
812958
812947
812931
812896
812833
812800
812703
812657
812645
812630
812615
812559
812515
812502
812493
812475
812413
812373
812304
812300
812293
812246
812201
812195
812182
812171
812155
812056
811978
811940
811908
811863
811837
811535
811527
811409
811383
811339
811301
811249
811206
811203
811186
811098
811058
811049
811029
811025
811015
811001
810994
810916
810792
810756
810755
810731
810711
810656
810599
810581
810541
810517
810242
810166
810031
810018
809955
809868
809863
809752
809704
809683
809647
809582
809581
809580
809551
809548
809366
809349
809293
809219
809209
809167
808970
808943
808933
808886
808850
808810
808808
808774
808707
808573
808493
808485
808482
808458
808388
808347
808330
808269
808262
808240
808180
808177
808146
808130
808061
808038
808012
808008
807932
807899
807883
807805
807799
807746
807724
807696
807685
807607
807543
807532
807430
807382
807302
807141
807110
806932
806917
806826
806796
806713
806694
806687
806662
806600
806593
806565
806500
806276
806029
805980
805957
805777
805707
805700
805644
805622
805572
805566
805551
805475
805461
805419
805397
805377
805351
805307
805296
805276
805178
805168
805122
805121
805099
805090
805053
805051
805023
805014
804953
804905
804657
804491
804383
804380
804362
804358
804318
804276
804272
804216
804212
804181
804142
804111
804095
804029
803939
803923
803897
803811
803795
803701
803682
803668
803666
803665
803649
803599
803517
803459
803359
803320
803304
803130
803125
803092
803077
802981
802969
802926
802794
802767
802755
802707
802678
802647
802538
802523
802500
802467
802453
802429
802412
802354
802351
802336
802330
802309
802251
802197
802195
802191
802063
802061
801973
801972
801919
801880
801814
801770
801681
801568
801389
801355
801345
801323
801287
801181
801179
801134
801106
800995
800770
800664
800633
800595
800554
800542
800505
800429
800427
800389
800369
800354
800310
800254
800183
800167
800158
800023
799944
799913
799714
799694
799633
799518
799472
799404
799369
799326
799253
799220
799211
799041
799024
799019
799005
798973
798938
798868
798800
798732
798724
798716
798581
798526
798504
798297
798119
798087
798008
798007
797959
797913
797877
797866
797859
797837
797832
797813
797705
794129
794098
794094
794088
794029
793939
793924
793869
793840
793796
793747
793693
793658
793594
793530
793395
793393
793292
793285
793208
793167
793050
792990
792971
792933
792865
792856
792836
792804
792785
792770
792669
792649
792602
792599
792586
792572
792563
792349
792293
792168
792115
792065
792037
791994
791923
791803
791741
791718
791658
791534
791405
791275
791137
790992
790934
790874
790863
790811
790802
790799
790793
790662
790626
790588
790577
790504
790488
790472
790239
790210
790179
790154
790091
790013
789982
789918
789896
789891
789856
785417
785395
785359
785353
785341
785306
785302
785165
785142
785055
784976
784929
784678
784671
784649
784613
784499
784446
784375
784165
784128
783902
783896
783849
773104
773046
772900
772856
772844
772775
772627
772586
772577
772530
772519
772416
772366
772276
772264
772182
772171
772122
772095
772074
772073
772007
772003
771959
771898
771878
771737
771690
771685
771632
771592
771589
771562
771542
771474
771448
771445
771418
771345
771333
771312
771302
771205
771125
771117
770958
770922
770908
770885
770752
770739
770714
770699
770643
770563
770556
770540
770475
770464
770449
770378
770260
770250
770235
770225
770108
770052
770043
769962
769775
769665
769620
769619
769600
769592
769556
769489
769436
769312
769297
769264
769258
769232
769228
769146
769078
769046
769044
769001
768942
768939
768923
768910
768868
768848
768750
768664
768630
768574
768565
768528
768526
768516
768420
768412
768379
768354
768305
768296
768181
768076
768037
768007
767922
767889
767844
767812
767722
767705
767594
767564
767537
767499
767461
767395
767289
767128
767118
767069
767043
766982
766941
766882
766800
766797
766732
766692
766680
766645
766637
766579
766398
766362
766299
766189
766128
766125
766047
765876
765865
765865
765835
765805
765772
765678
765646
765624
765488
765411
764130
764055
763974
763961
763943
763867
763770
763745
763728
763648
763578
763399
763387
763278
763226
763187
763110
763019
762970
762924
762915
762866
762861
762835
762815
762780
762628
762609
762529
762445
762409
762273
762231
762167
762109
762077
762044
762009
761995
761976
761932
761889
761745
761695
761681
761635
761520
761490
761475
761442
761396
761251
761092
760970
760880
760782
760721
760719
760621
760580
760541
760466
760465
760294
760261
760190
760170
760151
760124
760084
760048
760009
759987
759953
759906
759878
759737
759732
759728
759627
759606
759574
759536
759530
759505
759500
759466
759423
759414
759411
759187
759116
759114
759095
759068
758982
758880
758846
758652
758544
758468
758433
758368
758316
758232
758087
757923
757916
757874
757814
757801
757797
757740
757703
757698
757685
757657
757614
757595
757554
757516
757321
757299
757236
757200
757188
757180
756944
756917
756864
756862
756785
756736
756719
756669
756583
756550
756251
756248
756247
756107
756060
755990
755982
755947
740950
740948
740942
740930
740814
740556
740538
740526
740447
740417
740349
740336
740324
740302
740279
740139
740139
740138
740135
740129
740109
739981
739924
739879
725978
725847
725814
725722
725660
725566
725536
725494
725254
725151
725146
725135
725089
725081
725064
725016
725010
724982
724943
724943
724873
724864
724719
724701
724659
724636
724617
724560
724471
724449
724369
724366
724319
724281
722423
722421
722251
722208
722198
722187
722150
722078
722064
721808
721765
721762
721733
721711
721690
714412
714354
714314
714304
714235
714071
714048
714030
713960
713929
713896
713787
713645
713581
713480
713447
713290
713173
713169
713156
713153
713093
713071
713066
713003
712975
712966
712954
712953
712945
712783
712745
712717
712701
712618
712571
712549
712492
712484
712452
712452
712379
712337
712308
712274
712270
712258
712220
712191
712157
712111
712082
712053
711991
711950
711905
711897
711870
711769
711763
711749
711739
711730
711725
711602
711574
711536
711514
711473
711445
711402
711379
711350
711282
711249
711173
711145
711116
710987
710968
710938
710799
710590
710530
710488
710466
710389
710381
710358
710338
710265
710179
710102
710084
710084
710075
710072
710069
710055
709988
709935
709913
709910
709889
709862
709818
709812
709805
709762
709754
709735
709614
709601
709483
709411
709399
709264
709217
709176
709124
709102
709087
709014
708999
708949
708897
708896
708800
708760
708738
708701
708511
708494
708446
708423
708287
708265
708256
708178
708119
708103
708100
708100
708072
708040
707943
707925
707779
707665
707626
707575
707496
707469
707442
707348
707258
707180
707169
707159
707041
707030
706862
706820
706761
706674
706664
706606
706568
706507
706441
706436
706330
706324
706290
706288
706220
706216
706184
706161
706116
706091
706056
706037
706026
706009
706006
706000
705929
705912
705810
705747
705698
705666
705580
705509
705508
705507
705398
705383
705338
705332
705272
705117
705090
704828
704771
704759
704718
704714
704662
704602
704579
704436
704401
704344
704317
704291
704268
704245
704227
704227
704192
704096
704071
704056
703950
703821
703811
703672
703647
703607
703573
703471
703275
703123
703061
703022
703011
702934
702867
702804
702793
702610
702536
702493
702484
702463
702457
702440
702440
702395
702365
702364
702359
702355
702321
702240
702195
702170
702126
702064
702052
702016
701946
701844
701796
701767
701721
701714
701711
701566
701556
701486
701451
701398
701396
701396
701386
701358
701321
701299
701279
701244
701139
701058
700843
700785
700721
700699
700634
700618
700576
700541
700530
700499
700477
700467
700396
700395
700357
700258
700251
700175
700131
700079
700053
700012
699970
699928
699914
699866
699771
699690
699641
699636
699631
699561
699538
699502
699493
699492
699480
699445
699445
699385
699365
699358
699331
699264
699253
699204
698925
698885
698883
698872
698649
698634
698621
698575
698517
698447
698428
698382
698368
698326
698312
698292
698281
698160
698154
698143
698124
697977
697950
697893
697863
697812
697786
697687
697624
697508
697490
697490
697471
697435
697403
697340
697286
697222
697170
697137
697114
697042
697036
696969
696879
696869
696832
696724
696722
696722
696701
696640
696613
696568
696455
696391
696338
696314
696288
696212
696181
696149
696142
696055
695985
695974
695777
695688
695673
695639
695634
695531
695456
695435
695321
695289
695247
695149
695146
694942
694918
694858
694732
694721
694696
694681
694652
694642
694607
694582
694556
694510
694445
694421
694376
694273
694271
694168
694149
694120
694117
693977
693953
693897
693842
693768
693755
693617
693616
693581
693532
693522
693515
693496
693400
693286
693249
693158
693117
693114
693103
693054
693016
692943
692941
692874
692874
692861
692761
692542
692533
692351
692334
692301
692291
692215
692083
692071
692060
691858
686639
686550
686548
686306
686265
686186
686175
686027
685993
685873
685823
685801
685673
685657
685622
685557
685515
685508
685325
685311
685295
685212
685188
685182
684988
684943
684926
684867
684772
684748
684714
684683
684645
684615
684586
684557
684519
684510
684504
684457
684396
684264
684206
684196
684184
684114
684110
684105
684090
684078
683892
683868
683859
683805
683773
683720
683625
683619
683616
683540
683539
683537
683519
683514
683440
683432
683421
683399
683286
683246
683168
683130
682955
682896
682882
682857
682819
682796
682787
682777
682693
682665
682616
682598
682532
682489
682482
682408
682366
682270
682245
682125
682117
682101
682099
682030
682022
681995
681642
681565
681513
681409
681372
681280
681225
681219
681212
681180
681147
681026
680964
680958
680851
680655
680642
680613
680518
680478
680419
680392
680220
680047
679965
679950
679947
679927
679903
679790
679656
679592
679525
679520
679440
679431
679379
679338
679313
679311
679287
679270
679107
679101
679099
678940
678829
678823
678697
678696
678659
678524
678505
678447
678334
678317
678288
678288
678258
678231
678174
678161
678100
678084
678080
678054
677988
677984
677971
677953
677873
677710
677702
677645
677618
677613
677613
677568
677525
677459
677260
677243
677221
677204
677168
677088
677043
676970
676946
676758
676746
676741
676740
676735
676713
676697
676659
676464
676439
676394
676350
676232
676086
676056
676044
675936
675936
675930
675795
675783
675767
675699
675684
675637
675635
675622
675613
675560
675538
675530
675482
675416
675406
675387
675251
675198
675188
675107
675083
675072
674996
674925
674890
674885
674882
674857
674818
674746
674733
674717
674526
674450
674420
674380
674281
674255
674203
674168
674145
674133
674097
674095
674064
674022
674021
673979
673965
673957
673937
673922
673803
673797
673792
673774
673768
673734
673673
673636
673618
673588
673575
673526
673483
673414
673398
673341
673311
673192
673049
673023
673020
672946
672914
672821
672780
672743
672731
672717
672668
672665
672588
672530
672492
672345
672312
672275
672236
672218
672209
672190
672090
672033
671967
671953
671930
671903
671840
671818
671818
671817
671802
671801
671794
671772
671653
671633
671617
671489
671477
671454
671443
671314
671272
671196
671117
671000
670971
670845
670808
670795
670712
670693
670676
670575
670543
670518
670479
670447
670376
670321
670267
670237
670116
670113
670108
669842
669768
669737
669676
669673
669581
669565
669528
669446
669421
669382
669372
669300
669269
669212
669148
669111
668965
668877
668844
668842
668738
668601
668588
668555
668107
668099
668080
668007
667984
667949
667939
667909
667789
667725
667618
667567
667477
667448
667407
667354
667335
667330
667321
667302
667258
667090
667084
667042
666972
666903
666840
666788
666776
666739
666737
666671
666558
666555
666522
666511
666493
666355
666336
666334
666262
666174
666117
666039
666014
665976
665931
665923
665779
665752
665724
665708
665675
665668
665644
665635
665634
665456
665444
665426
665327
665264
665170
665143
664894
664868
664840
664817
664663
664605
664589
664472
664438
664410
664357
664280
664264
664225
664143
664142
664072
663970
663913
663872
663858
663810
663763
663718
663684
663600
663566
663466
663288
663284
663198
663192
663090
663058
663028
662954
662918
662908
662859
662858
662831
662830
662813
662786
662780
662675
662626
662572
662559
662513
662434
662406
662404
662381
662355
662323
662241
662218
662103
662103
662077
662075
662057
661890
661885
661868
661862
661833
661833
661817
661733
661670
661527
661443
661341
661330
661241
661165
661108
661041
660993
660954
660903
660858
660835
660815
660713
660655
660631
660604
660570
660525
660424
660405
660296
660241
660237
660163
660153
660139
660055
659993
659898
659845
659817
659802
659771
659647
659635
659586
659529
659482
659392
659360
659340
659288
659245
659218
659147
658989
658965
658935
658761
658730
658691
658683
658594
658577
658393
658330
658322
658304
658292
658240
658240
658226
658197
658188
658171
658154
657985
657955
657848
657846
657813
657709
657634
657614
657598
657580
657539
657533
657483
657434
657430
657406
657315
657272
657272
657162
657105
656999
656940
656933
656865
656798
656700
656681
656655
656597
656486
656482
656475
656425
656419
656401
656346
656246
656196
656124
656093
656067
656033
656015
655920
655846
655770
655761
655620
655617
655505
655462
655421
655386
655374
655357
655349
655318
655317
655264
655191
655182
655152
655136
655091
655015
655009
654998
654827
654773
654764
654739
654696
654536
654535
654505
654426
654385
654376
646615
646562
646386
646340
646334
646151
646100
646042
646010
645993
645880
645834
645834
645790
645691
645678
645642
645593
645575
645570
645530
645525
645513
645449
645315
645223
645188
645153
645100
645092
645075
645069
645008
644909
644849
644753
644717
644704
644660
644545
644529
644520
644509
644339
644334
644187
644181
644103
644052
643990
643964
643954
643948
643940
643939
643899
643888
643882
643830
643660
643645
643616
643457
643452
643448
643318
643212
643203
643200
643065
643062
642954
642953
642924
642923
642893
642862
642602
642584
642516
642501
642403
642391
642381
642372
642306
642293
642244
642237
642079
642055
642032
641908
641715
641692
641612
641609
641571
641565
641538
641509
641371
641329
640235
640194
640162
640130
640074
639998
639986
639838
639792
639762
639749
639737
639606
639566
639551
639535
639457
639371
639327
639202
639165
639152
639087
639045
639020
638764
638759
638657
638578
638576
638570
638547
638500
638454
638402
638330
638322
638313
638300
638292
638284
638249
638138
638109
638045
637862
637712
637710
637672
637622
637618
637577
637576
637546
637444
637389
637388
637386
637307
637293
637249
637248
637095
637029
636980
636967
636921
636920
636915
625331
625248
625207
625166
625079
625062
625013
624971
624900
624898
624888
624659
624595
624573
624537
624454
624411
624404
624314
624196
624160
624134
624100
624038
620302
620286
620249
620206
620145
620117
620085
620062
620031
620026
619971
619941
619894
619880
619818
619789
619787
619753
619744
619737
619564
619486
619477
619420
619419
619389
619339
619334
619216
619204
619189
619178
619143
619093
619050
619003
618969
618949
618778
618686
618647
618429
618397
618283
618225
618203
618159
618087
618036
618028
617942
617870
617854
617833
617813
617732
617713
617656
617607
617604
617480
617402
617335
617328
617298
617283
617242
617199
617166
617150
617149
617114
617067
617034
616975
616967
616833
616798
616783
616753
616728
616683
616664
616424
616336
616335
616300
616257
616245
616185
615973
615966
615865
615809
615769
615653
615616
615585
615371
615334
615313
615249
615029
614956
614844
614817
614757
614713
614661
614657
614636
614621
614607
614485
614379
614356
614348
614328
614284
614242
613402
613383
613358
613338
613295
613256
613254
613201
613157
613092
613087
613057
613000
612753
612706
612583
612561
612523
612504
612503
612443
612409
612354
612324
612292
611379
611350
611298
611152
611093
611082
611073
611035
611022
610813
610768
610743
610458
610404
610395
610252
610239
610190
610188
610080
610073
610066
610026
609992
609963
609902
609862
609734
609682
609640
609572
609488
609446
609445
609411
609336
609295
609265
609264
609225
609089
609019
609003
608817
608749
608685
608675
608655
608520
608514
608480
608429
608398
605677
605564
605476
605378
605365
605283
605281
605249
605107
605086
605064
605014
605011
605004
605003
604918
604911
604646
604609
604580
604557
604521
604516
604485
604475
604406
604293
604269
604188
604079
604035
603915
603864
603818
603803
603727
603717
603693
603645
603591
603584
603577
603570
603539
603404
603390
603312
603283
603117
603106
603105
602990
602962
602937
602776
602714
602684
602569
602528
602446
602433
602393
602385
602249
602231
602219
602172
602168
602076
602067
601975
601955
601907
601887
601860
601715
601701
601644
601616
601413
601358
601347
601297
601293
601287
601241
601209
601130
601111
601088
601065
600984
600920
600899
600821
600782
600690
600498
600463
600012
599932
599824
599787
599776
599713
599653
599639
599563
599518
599513
599434
599403
599303
599290
599257
599256
599195
599171
599149
599123
599096
599066
598998
598954
598881
598866
598762
598726
598666
598660
598653
598644
598540
598530
598524
598516
598498
598485
598451
598430
598425
598360
598273
598190
598007
597897
597881
597770
597734
597720
597691
597653
597648
597635
597611
597593
597578
597508
597479
597427
597332
597331
597314
597304
597304
597303
597302
597242
597237
597220
597141
597102
597080
596984
596907
596825
596791
596734
596714
596700
596694
596624
596602
596523
596510
596367
596346
596339
596309
596264
596256
596232
596158
596116
596092
596053
596036
596035
595986
595948
595920
595886
595783
595756
595744
595677
595661
595608
595394
595335
595255
595253
595189
595035
595015
594965
594965
594907
594757
594718
594635
594634
594513
594447
594422
594417
594414
594372
594351
594298
594202
594140
594128
594105
593945
593943
593902
593889
593879
593784
593777
593768
593764
593724
593691
593671
593639
593610
593545
593525
593523
593475
593472
593233
593190
593122
593115
593105
593094
592975
592973
592890
592857
592783
592693
592667
592626
592542
592527
592501
592490
592484
592469
592467
592462
592408
592378
592370
592288
592248
592225
592212
592112
591982
591949
591904
591831
591814
591779
591763
591729
591713
591665
591664
591627
591554
591548
591540
591508
591495
591458
591378
591315
591271
591251
591168
591109
591034
591026
591017
591005
590899
590854
590851
590847
590796
590785
590771
590762
590756
590753
590751
590735
590709
590705
590700
590511
590501
590495
590432
590374
590366
590282
590270
590266
590246
590246
590220
590191
590115
590083
590020
589971
589872
589836
589832
589803
589737
589674
589627
589536
589529
589517
589410
589181
589173
589026
588990
588939
588884
588829
588655
588654
588635
588626
588534
588523
588519
588487
588264
588172
588129
588106
588021
587946
587912
587898
587870
587762
587713
587695
587660
587598
587571
587553
587520
587497
587486
587483
587452
587429
587359
587317
587292
587290
587265
587265
587042
587015
586896
586840
586831
586685
586675
586659
586648
586625
586452
586398
586384
586305
586255
586178
586170
586085
586084
586036
585999
585980
585948
585948
585914
585648
585636
585576
585556
585519
585515
585435
585291
585264
585262
585248
585241
585139
585123
585037
585020
584979
584941
584763
584653
584640
584622
584574
584408
584384
584361
584325
584273
584271
584264
584151
583993
583914
583906
583905
583886
583885
583818
583789
583785
583782
583768
583764
583668
583538
583485
583388
583377
583372
583242
583230
583084
583076
583030
583002
582994
582900
582899
582893
582869
582853
582828
582772
582754
582619
582580
582554
582531
582530
582515
582510
582498
582455
582405
582318
582278
582248
582181
582176
582150
582145
582126
582099
582050
581915
581815
581803
581764
581701
581652
581438
581386
581339
581304
581285
581244
581178
581149
581129
581126
581113
581058
581018
580945
580880
580867
580866
580719
580715
580665
580614
580609
580445
580363
580288
580281
580265
580218
580178
580173
579975
579965
579890
579817
579804
579740
579697
579667
579581
579532
579512
579481
579418
579307
579289
579192
579179
579149
578977
578951
578917
578907
578813
578812
578754
578741
578736
578682
578663
578557
578550
578515
578456
578391
578363
578307
578277
578269
578192
578184
578029
577968
577933
577778
577662
577599
577592
577588
577557
577530
577460
577387
577364
577322
577315
577227
577215
577202
577197
576971
576802
576796
576666
576532
576475
576381
576328
576307
576285
576247
576245
576223
576153
576112
576020
575978
575956
575939
575887
575868
575839
575818
575740
575701
575543
575447
575426
575394
575386
575363
575104
575028
574982
574979
574871
574864
574813
574778
574672
574621
574570
574509
574484
574428
574395
574390
574314
574304
574253
574118
574117
574064
574045
574004
573927
573915
573909
573886
573815
573800
573795
573794
573754
573752
573704
573540
573444
573413
573402
573361
573328
573315
573275
573245
573230
573226
573207
573191
573165
573127
573092
573058
573021
572934
572928
572908
572796
572750
572733
572690
563498
563395
563324
563107
563071
562958
562831
562828
562822
562806
562775
562730
562605
562588
562572
562537
562528
562520
562384
562374
562316
562289
562223
562188
562154
562123
562049
561934
561908
561904
561864
561816
561806
561729
561698
561556
561501
561483
561422
561414
561354
561352
561315
561311
561247
561214
561190
561184
561179
561178
561176
561105
561085
561072
560972
560817
560812
560785
560759
560740
560661
560537
560517
560456
560268
560158
560103
560075
560073
548408
548358
548337
548208
548088
547976
547801
547782
547778
547715
547662
547654
547619
547518
547462
547444
547412
547408
547374
547359
547354
547291
547288
547218
547218
547213
547203
547131
547096
546978
546938
546937
546842
546842
546793
546726
546725
546672
546601
546571
546570
546552
546550
546494
534122
534107
534070
534063
534060
534056
533965
533941
533903
533871
533782
533766
533640
533580
533527
533510
533468
533414
533401
533370
533347
533320
533236
533219
533209
533197
533182
533081
532835
532819
532684
532658
532615
532609
532574
532569
532552
532528
532387
532177
532160
532152
532108
532095
532043
532022
531984
531890
531870
531751
531739
531678
531661
531653
531627
531599
531551
531479
520205
520180
520084
520082
519946
519910
519907
519882
519851
519815
519698
519620
519614
519573
519517
519480
519378
519348
519302
519286
519187
519174
519170
519111
519093
519078
519048
519022
518950
518948
518935
518817
518814
518745
518720
518716
518698
518662
518608
518557
518475
518430
518236
518014
517987
507720
507714
507698
507624
507611
507354
507322
507298
507281
507195
507195
507065
506999
506940
506873
506846
506772
506756
506538
506463
506432
506430
506420
506375
506357
506293
506266
506260
506254
506231
506191
506155
506127
506102
506055
506027
506016
506001
493741
493733
493713
493690
493675
493617
493538
493501
493500
493447
493264
493258
493250
493194
493193
493193
493177
493054
493028
492985
492945
492941
492819
492789
492769
492722
492701
492651
492605
492574
492505
492424
480527
480510
480489
480439
480434
480268
480261
480109
480072
479903
479846
479837
479829
479809
479796
479765
479741
479588
479544
479478
479425
479144
479136
479115
479048
479012
478982
478949
478930
478875
478871
478857
467532
467507
467446
467427
467371
467326
467289
467224
457472
457370
457346
457153
457118
457098
457063
457049
456911
456851
456819
456813
456767
456618
456602
456586
456557
456539
456511
456439
456386
456244
456200
456110
456010
455840
455837
455800
455734
455592
455591
455490
455386
455352
455292
455249
455244
455202
455181
454961
445290
445277
445233
445166
445161
445088
445068
445067
445022
445005
444952
444929
444907
444874
444853
444764
444714
444521
444450
444306
444276
444244
444113
444112
444068
444049
444042
444040
444028
443991
443941
443779
443551
443402
443377
443286
443258
443161
443155
443145
443052
443035
443001
442851
442828
442807
442725
442641
442537
442448
442438
442383
442174
442070
441965
441842
441807
441787
441750
441712
441689
441668
441522
441482
441410
441356
441311
441309
441278
441252
441178
440995
440960
440958
429347
429315
429293
429247
429226
429218
429099
428942
428887
428825
428790
428781
428716
428708
428618
428601
428585
428577
428549
428526
428461
428439
428336
428308
428305
428163
428146
428052
427909
427897
427885
427872
427862
427845
427813
427800
427711
427649
427611
427606
427538
427439
427434
427433
427425
427422
427399
427383
427366
427300
427262
427258
427149
420072
420011
420001
419965
419950
419947
419912
419853
419810
419799
419797
419630
419537
419450
419392
419338
419183
419150
419057
419031
418972
418950
418890
418857
418831
418743
418666
418535
418374
418370
418343
418222
418144
418122
418004
417902
417814
417780
417728
417710
417237
417197
417174
417131
417074
417064
417063
417009
416984
416980
416958
416877
416849
416761
416734
407488
407421
407405
407306
407267
407230
407182
407177
407155
407126
407101
407069
407055
406982
406966
406862
406855
406854
406847
406835
406821
406812
406625
406617
406597
393577
393553
393483
393466
393440
393324
393230
393128
393077
393052
393049
393045
393033
392969
392967
392951
392939
392896
392867
392836
392819
392814
392793
392777
392763
392729
392666
392658
392578
392503
392400
392363
392358
392298
392296
392183
392103
392074
392052
381981
381926
381921
381912
381790
381694
381641
381626
381518
381509
381509
381482
381469
381467
381418
381359
381344
381186
372953
372910
372905
372848
372840
372713
372621
372600
372440
372372
372337
372335
372320
372195
372160
372135
372047
371942
371892
371856
371833
371807
371767
371748
371732
371703
371588
371575
371563
371500
371458
371447
371421
371139
371072
371044
370972
370941
370889
370865
361901
361884
361866
361851
361814
361775
361762
361660
361657
361654
361588
361569
361504
361487
361379
361346
361273
361219
361135
361077
360989
360946
360678
360630
360572
360527
360472
360463
360460
360441
355443
355431
355418
353919
353846
353793
353706
353670
353651
353473
353442
353379
342524
342490
342412
342405
342350
342343
342343
342296
342236
342139
342107
342104
342078
341993
341935
341880
341876
341783
341764
341726
341647
341573
341488
341474
341444
341414
341404
341240
341227
341131
341035
340991
340968
340932
340840
340734
340718
340673
340645
340642
340637
340611
340534
340520
340282
340179
340036
339923
339854
339816
339793
339784
339735
339715
339678
339665
339607
339531
339494
339493
339460
339351
339347
339345
339303
339291
339266
339252
339050
339046
339042
339042
339003
338953
338760
338739
338633
338471
338459
338363
338362
338314
338306
338249
338215
338166
338146
338122
338106
338085
337983
337808
337802
337727
337723
337680
337434
337420
337408
337304
337304
337270
337164
337139
337105
337091
337068
337062
337037
337025
337003
336993
336953
336935
336876
336863
336771
336748
336714
336679
336658
336612
336611
336561
336467
336438
336327
336289
336224
336210
336159
336089
336063
336056
335903
335628
335568
335536
335493
335467
335370
335309
335270
335217
335178
335164
334994
334967
334913
334910
334839
334641
334599
334588
334560
334535
334521
334517
334497
334396
334381
334366
334318
334311
334298
334273
334231
334208
334205
334172
334151
333976
333973
333927
333926
333915
333830
333803
333730
333710
333668
333528
333522
333450
333442
333356
333327
333302
333238
333202
333092
333078
333077
332986
332978
332972
332958
332913
332761
332758
332682
332630
332601
330535
330469
330435
330362
330348
330328
330314
330307
330255
330197
330180
330082
330058
330044
329990
329845
329790
329742
329633
329601
329565
329544
329245
329184
329136
328967
328947
328942
328933
328607
328598
328549
328513
328460
328412
328324
328310
328297
328286
328284
328212
328199
328181
328155
328133
328073
328068
328014
327943
327895
327882
327866
327852
327770
327717
327676
327661
327636
327536
327498
327453
327448
327443
327443
327437
327379
327241
327228
327064
326925
326888
326849
326771
326646
326584
326539
326413
326349
326286
326249
326240
326231
326154
326083
325978
325953
325626
325582
325545
325539
325509
325426
325376
325222
325220
325189
325115
325112
325081
325024
325002
324825
324653
324645
324580
324555
324548
324539
324520
324341
324248
324202
324145
324085
324060
324029
324021
323926
323911
323860
323837
323695
323641
323634
323582
323548
323514
323378
323297
323287
323282
323107
323090
323069
323002
322795
322762
322704
322679
322595
322556
322528
322476
322421
322366
322346
322306
322283
322253
322190
322182
322160
322159
322048
322033
322027
322016
321967
321922
321892
321863
321819
321769
321761
321755
321715
321681
321665
321662
321648
321647
321445
321383
321359
321297
321292
321268
321226
321177
321170
321135
321119
321059
320926
320910
320890
320826
320795
320787
320763
320712
320591
320537
320477
320471
320408
320350
320275
320217
320182
320162
320144
320126
320110
319903
319862
319854
319853
319844
319776
319734
319654
319502
319475
319425
319373
319340
319274
319154
319004
318988
318986
318933
318923
318921
318876
318784
318781
318765
318759
318737
318549
318520
318509
318404
318391
318385
318373
318353
318251
318211
318148
318111
318072
318042
318008
318008
317823
317809
317749
317736
317530
317460
317433
317363
317263
317229
317145
317092
316948
316918
316712
316711
316658
316649
316638
316615
316611
316585
316575
316409
316395
316365
316316
316308
316295
316250
316206
316132
316115
316055
316047
316024
315988
315974
315963
315920
315779
315774
315673
315661
315640
315639
315592
315579
315491
315380
315301
315248
315220
315116
315028
314932
314904
314858
314843
314825
314812
314776
314775
314762
314684
314667
314617
314606
314341
314292
314233
314186
314176
314123
314108
314022
313970
313951
313920
313760
313609
313597
313580
313529
313500
313349
313290
313198
313138
313123
313115
313072
312927
312915
312764
312760
312717
312705
312693
312555
312552
312540
312473
312470
312467
312462
312440
312439
312355
312339
312272
312234
312154
312131
312104
311972
311930
311750
311741
311740
311585
311448
311403
311368
311364
311347
311325
311273
311246
311190
311079
311001
310989
310962
310939
310936
310855
310839
310763
310716
310597
310576
310566
310555
310422
310353
310199
310195
310163
310151
310144
310090
310036
310032
309969
309887
309882
309866
309821
309700
309615
309556
309530
309489
309384
309356
309324
309284
309255
309167
309163
309115
309036
308961
308876
308833
308830
308805
308797
308710
308669
308662
308636
308601
308594
308551
308475
308449
308431
308397
308393
308388
308315
308304
308280
308276
308253
308244
308202
308188
308185
308158
308109
308106
308102
307886
307799
307787
307682
307677
307581
307533
307522
307519
307511
307480
307406
307387
307372
307329
307301
307287
307268
307237
307218
307205
307190
307166
307156
307143
307130
307117
307035
306967
306894
306894
306832
306829
306814
306711
306709
306698
306658
306592
306564
306561
306531
306440
306383
306319
306275
306215
306155
306111
306106
306092
306056
306040
305924
305841
305663
305631
305568
305413
305402
305312
305169
305132
305115
305056
305029
305016
304998
304959
304937
304840
304837
304788
304778
304705
304622
304599
304579
304579
304574
304573
304484
304475
304471
304369
304348
304292
304263
304252
304168
304123
304096
304053
304015
303982
303912
303897
303874
303799
303757
303651
303558
303546
303503
303502
303495
303446
303403
303359
303339
303317
303239
303232
303224
303053
302976
302828
302789
302786
302780
302773
302747
302659
302609
302576
302511
302451
302317
302184
302124
302091
302091
302049
302046
301988
301984
301924
301725
301702
301605
301566
301556
301518
301508
301506
301296
301259
301230
301184
301112
301048
301043
300964
300939
300938
300936
300934
300898
300856
300775
300732
300718
300655
300511
300478
300443
300434
300395
300382
300330
300272
300212
300207
300157
300065
299969
299852
299820
299769
299742
299740
299701
299632
299589
299574
299567
299505
299498
299460
299380
299314
299209
299201
299198
299148
299071
299045
298999
298999
298953
298863
298823
298758
298690
298687
298685
298669
298619
298544
298393
298364
298345
298288
298052
298031
297818
297771
297602
297579
297522
297519
297452
297404
297340
297335
297333
297312
297295
297273
297222
297132
297092
296981
296926
296886
296884
296862
296825
296816
296791
296765
296751
296740
296725
296709
296703
296697
296694
296692
296670
296640
296620
296539
296495
296427
296379
296246
296172
296124
296112
296107
296072
296048
296021
296018
296010
295728
295684
295679
295542
295529
295492
295477
295470
295420
295383
295373
295339
295262
295220
295120
295016
294960
294938
294773
294649
294631
294273
294266
294260
294225
294063
294061
294049
294040
294026
293932
293918
293830
293829
293825
293809
293781
293770
293762
293754
293744
293698
293681
293563
293553
293552
293434
293423
293365
293251
293226
293141
293067
293005
292963
292833
292816
292815
292806
292801
292779
292618
292555
292550
292454
292443
292394
292237
292128
292088
292031
291947
291925
291890
291890
291888
291197
291151
291063
291028
290946
290844
290701
290540
290396
290373
290327
290303
290210
290175
290029
289948
289942
289938
289918
289911
289868
289854
289711
289704
289657
289564
289518
289516
289481
289443
289443
289430
289350
289306
289253
289203
289154
288894
288893
288852
288843
288806
288790
288773
288721
288523
288457
288345
288342
288342
288318
288315
288306
288207
288195
288176
288154
288127
288082
288020
287873
287811
287719
287715
287675
287494
287429
287383
287350
287297
287288
287273
287246
287243
287194
287064
286898
286820
286750
286737
286722
286710
286610
286582
286551
286537
286523
286512
286483
286431
286428
286379
286199
286181
286124
286107
286077
286049
286042
285971
285958
285875
285854
285817
285733
285602
285534
285509
285382
285375
285289
285208
285120
285101
285048
285041
284960
284941
284917
284914
284817
284733
284688
284607
284600
284596
284560
284554
284517
284505
284489
284396
284369
284331
284317
284314
284292
284244
284165
284107
284106
284084
284021
284017
283991
283991
283978
283895
283810
283778
283729
283691
283619
283588
283454
283450
283426
283409
283373
283353
283284
283282
283267
283194
283184
283107
283020
283015
282979
282957
282933
282808
282802
282782
282780
282722
282635
282597
282582
282576
282521
282455
282383
282374
282372
282358
282316
282303
282297
282281
282254
282191
282182
282153
282152
282004
282001
281991
279733
279708
279708
279707
279696
279566
279552
279479
279449
279426
279323
279240
279191
279170
279157
279126
279104
279098
279079
279053
279046
278997
278969
278840
278794
278681
278631
278553
278396
278394
278368
278361
278356
278290
278212
278145
278100
278084
278069
278050
278039
277974
277891
277769
277748
277679
277669
277624
277617
277583
277463
277382
277308
277265
277246
277234
277215
277164
277101
277020
276942
276927
276896
276766
276763
276689
276605
276552
276528
276450
276442
276440
276424
276413
276381
276313
276268
276267
276205
276145
276055
276017
276008
275964
275923
275878
275734
275716
275711
275702
275660
275636
275550
275544
275495
275484
275473
275438
275369
275291
275282
275256
275185
275143
275086
275031
274933
274892
274882
274706
274672
274628
274564
274562
274556
274536
274536
274530
274437
274369
274352
274333
274290
274259
274085
274081
273946
273926
273809
273777
273703
273691
273686
273663
273642
273634
273621
273615
273559
273531
273478
273426
273412
273400
273187
273164
273155
272999
272941
272927
272912
272816
272808
272790
272789
272735
272704
272662
272652
272507
272502
272491
272466
272423
272284
272229
272151
272104
272069
272031
271952
271951
271928
271918
271895
271830
271686
271618
271319
271313
271165
271164
271090
271052
271031
270997
270900
270891
270839
270818
270814
270767
270739
270559
270449
270375
270357
270340
270334
270295
270242
270216
270082
270043
270033
269996
269824
269818
269646
269421
269329
269244
269236
269143
269142
269103
269033
268983
268970
268957
268902
268865
268822
268812
268562
268555
268526
268450
268262
268249
268199
268102
268071
268046
268002
267810
267760
267749
267688
267600
267544
267543
267336
267325
267321
267293
267248
267212
267184
267184
267163
267126
267092
267088
266959
266933
266903
266882
266871
266771
266552
266440
266435
266409
266365
266289
266250
266195
266194
266110
265930
265927
265919
265854
265823
265794
265791
265771
265749
265741
265740
265738
265697
265667
265663
265620
265617
265594
265524
265498
265493
265463
265303
265262
265039
264986
264944
264903
264868
264849
264829
264764
264732
264685
264544
264479
264470
264340
264302
264292
264273
264223
264214
264144
264018
264007
264005
263985
263984
263965
263963
263947
263853
263847
263841
263809
263803
263797
263772
263751
263724
263713
263702
263678
263669
263632
263631
263535
263524
263500
263447
263394
263367
263305
263282
263224
263202
263104
263036
262859
262761
262740
262730
262702
262691
262686
262675
262655
262638
262550
262308
262192
262138
262072
261949
261802
261717
261663
261567
261544
261509
261467
261455
261426
261372
261288
261201
261198
261180
261173
261073
261013
260981
260972
260757
260740
260665
260539
260538
260508
260485
260477
260453
260429
260387
260326
260272
260197
260155
260074
259933
259756
259722
259642
259630
259604
259601
259578
259564
259557
259546
259436
259425
259398
259371
259353
259321
259293
259268
259152
259104
259077
259059
258949
258944
258924
258771
258679
258556
258516
258504
258461
258406
258403
258380
258319
258213
258146
258042
258023
257985
257960
257884
257804
257603
257518
257517
257487
257447
257446
257266
257240
257048
257021
256944
256933
256913
256901
256782
256760
256750
256732
256722
256719
256708
256707
256423
256406
256377
256345
256235
256215
256188
256176
256127
256101
256044
255942
255901
255896
255813
255778
255597
255595
255557
255480
255465
255374
255357
255350
255340
255326
255314
255293
255275
255200
255179
255150
255136
255063
255017
255000
254965
254951
254911
254886
254885
254666
254647
254595
254564
254282
254263
254200
254117
254106
254104
254077
254046
253854
253848
253834
253809
253804
253679
253635
253539
253534
253514
253490
253452
253067
253050
253013
253008
252948
252800
252747
252688
252619
252590
252583
252577
252480
252343
252232
252227
252210
252102
252081
252013
252006
251983
251980
251979
251913
251910
251905
251882
251787
251771
251731
251608
251585
251505
251426
251334
251315
251293
251274
251242
251178
251149
251126
251041
251040
251033
250851
250844
250715
250672
250634
250616
250564
250511
250370
250344
250339
250215
248398
248382
248348
248296
248242
248239
248146
247975
247912
247828
247808
247696
247683
247682
247647
247581
247555
247443
247416
247361
247338
247332
247293
247286
247253
247227
247166
247144
247090
246987
246922
246889
246879
246856
246825
246803
246781
246780
246670
246584
246509
246496
246425
246402
246357
246231
246225
246184
246136
246124
246095
246072
246063
246004
245948
245944
245869
245782
245751
245707
245691
245648
245613
245553
245541
245359
245354
245303
245297
245219
245217
245141
245013
244989
244943
244905
244828
244694
244633
244628
244625
244593
244504
244439
244432
244323
244260
244144
244125
244099
244033
243990
243948
243749
243572
243547
243521
243479
243461
243449
243401
243362
243330
243296
243279
243177
243043
243018
243007
243005
243000
242538
242527
242486
242485
242431
242146
242127
242112
242099
242079
241970
241962
241959
241934
241803
241781
241710
241620
241605
241548
241542
241539
241470
241427
241344
241338
241277
241257
241239
241234
241232
241194
241151
241138
241087
241080
240884
240802
240796
240748
240746
240708
240638
240628
240608
240575
240570
240342
240279
240253
240224
240221
240219
240199
240030
239825
239793
239781
239741
239651
239638
239634
239607
239587
239509
239380
239370
239345
239311
239245
239213
239204
239048
239035
238842
238744
238663
238652
238602
238593
238584
238480
238293
238230
238170
238082
238081
238063
237966
237955
237925
237896
237837
237813
237677
237639
237639
237597
237570
237544
237536
237505
237428
237409
237393
237359
237254
237242
237232
237110
237028
237008
236968
236867
236851
236796
236773
236729
236691
236679
236652
236546
236543
236404
236403
236379
236377
236326
236304
236268
236239
236164
235952
235901
235861
235816
235778
235729
235654
235574
235546
235531
235486
235418
235375
235244
235209
235108
235076
235047
234958
234944
234943
234923
234887
234866
234814
234705
234501
234497
234452
234389
234284
234254
234246
234118
234059
234032
234023
233978
233969
233859
233846
233776
233772
233768
233684
233679
233662
233590
233529
233510
233485
233459
233449
233415
233265
233236
233190
233025
233007
210594
210579
210576
210537
210459
210379
210372
210163
209973
209942
209793
209737
209726
209683
209661
209621
209602
209583
209567
209425
209366
209298
209281
209244
209237
209156
209155
209048
208969
208894
208875
208875
208845
208818
208785
208782
208760
208687
208588
208499
208368
208195
208177
208162
208132
208128
207981
204871
204833
204812
204749
204723
204679
204651
204642
204623
204608
204606
204597
204457
204426
204414
204377
204353
204309
204293
204292
204283
204226
204200
204158
204152
204129
204084
203957
203741
203595
203588
203587
203575
203538
203464
203430
203400
203385
203377
203371
203342
203294
203280
203238
203196
203172
203171
203159
203123
203049
202983
202964
202963
202927
202834
202752
202706
202687
202652
202468
202440
202395
202335
202327
202176
202160
202109
202016
201946
201775
201758
201721
201719
201677
192909
192863
192858
192730
192711
192688
192518
192503
192477
192360
192135
192100
191989
191947
191939
191914
191835
191699
191682
191643
191639
191609
191608
191536
191498
191430
191412
191255
191218
191166
191119
191016
190985
190941
190924
190892
190708
190685
190635
190619
190565
190527
190450
190447
190287
190222
190220
190192
190137
190123
190091
190071
190069
190022
189967
189801
189726
189706
189701
189602
189574
189563
189557
189538
189516
189424
189380
189320
189307
189286
189283
189241
189085
189060
189042
188890
188781
188757
188660
188484
188465
188447
188442
188411
188385
188348
188262
188212
188196
188164
188156
188119
188084
188002
187996
187994
187952
187939
187925
187921
187899
187809
187807
187732
187711
187680
187659
187657
187651
187650
187595
187580
187534
187252
187226
187179
187133
187117
187066
187042
186999
186998
186975
186956
186922
186913
186834
186829
186711
186706
186682
186622
186605
186578
186572
186523
186512
186457
186364
186362
186345
186289
186237
186194
186136
186132
186121
186037
186013
185942
185894
185826
185811
185768
185720
185702
185654
185561
185540
185518
185493
185408
185390
185370
185354
185345
185324
185294
185290
185256
185230
185207
185169
185152
185122
185116
185092
185001
184703
184561
184551
184531
184480
184472
184375
184227
184188
184054
184013
183986
183934
183905
183858
183840
183803
183802
183742
183675
183611
183607
183578
183563
183550
183501
183230
183165
183135
183058
183031
182976
182964
182946
182831
182717
182673
182652
182615
182589
182574
182526
182337
182216
182135
182017
181946
181931
181912
181907
181784
181682
181656
181633
181609
181538
181480
181465
181443
181405
181342
181080
180979
180946
180930
180884
180865
180779
180719
180676
180640
180562
180561
180534
180522
180489
180415
180413
180411
180410
180328
180289
180251
180212
180114
180110
180034
179992
179938
179936
179899
179896
179873
179834
179816
179788
179746
179729
179625
179622
179533
179478
179418
179393
179333
179202
179202
179161
179144
178890
178889
178852
178847
178795
178794
178771
178711
178703
178679
178521
178484
178458
178355
178280
178246
178210
178106
178102
178037
178029
177924
177791
177786
177782
177774
177763
177711
177596
177547
177499
177473
177443
177437
177395
177291
177282
177269
177199
177180
176920
176790
176780
176758
176707
176593
176568
176545
176537
176526
176524
176503
176425
176423
176415
176395
176349
176301
176283
176281
176234
176218
176214
176214
176190
176134
176115
176062
176056
176002
175999
175987
175860
175846
175789
175755
175735
175727
175696
175560
175492
175315
175307
175306
175269
175180
175178
175164
174984
174973
174840
174557
174549
174542
174518
174500
174481
174454
174373
174369
174316
174259
174203
174138
174077
174055
174032
174000
173992
173977
173970
173929
173919
173873
173772
173753
173691
173631
173630
173618
173541
173452
173366
173359
173339
173133
173086
173066
173057
173048
173035
172973
172839
172826
172742
172710
172623
172613
172414
172367
172328
172202
172193
172185
172112
172069
171986
171946
171938
171837
171836
171793
171737
171636
171618
171486
171419
171381
171313
171246
171222
171200
171190
171162
171139
171137
171111
170980
170974
170904
170897
170881
170844
170794
170784
170765
170758
170737
170718
170640
170625
170614
170598
170592
170571
170514
170505
170472
170388
170299
170273
170260
170256
170254
170221
170217
170205
170196
170189
170151
170131
170107
170107
170030
169946
169868
169820
169806
169792
169710
169701
169566
169537
169262
169220
169212
169187
169158
169123
169102
169073
169040
169023
168976
168922
168897
168877
168823
168794
168783
168735
168705
168635
168555
168484
168432
168393
168393
168376
168283
168283
168270
168061
168037
168013
167995
167898
167726
167667
167572
167571
167532
167511
167410
167391
167386
167375
167358
167281
167268
167236
167211
167205
167155
166952
166759
166741
166616
166605
166566
166490
166476
166412
166370
166263
166251
166205
166145
166050
166021
165942
165823
165762
165754
165745
165660
165656
165620
165605
165589
165555
165527
165458
165224
165173
165116
165091
165060
165041
165038
164963
164960
164691
164635
164586
164561
164455
164422
164383
164349
164344
164322
164318
164246
164240
164220
164126
164104
164073
164055
163988
163961
163915
163831
163802
163779
163659
163620
163598
163563
163552
163549
163481
163370
163333
163294
163125
163123
163073
163008
162967
162966
162958
162923
162870
162753
162752
162719
162719
162382
162375
162349
162348
162325
162310
162299
162280
162256
162198
162097
162004
161980
161861
161838
161753
161748
161604
161498
161316
161271
161191
161008
160989
160981
160879
160801
160781
160672
160670
160605
160483
160473
160424
160341
160315
160234
160208
160181
160132
160106
160076
160059
160052
159974
159924
159900
159851
159804
159772
159738
159733
159699
159693
159567
159517
159377
159314
159259
159174
159125
159112
159070
159059
158862
158791
158773
158771
158666
158631
158617
158370
158305
158293
158257
158209
158073
157882
157833
157718
157658
157653
157632
157625
157503
157495
157476
157438
157349
157330
157195
157191
157119
156915
156899
156795
156712
156688
156555
156548
156506
156430
156297
156271
156216
156123
156057
156038
155866
155832
155823
155806
155750
155743
155729
155635
155619
155540
155305
155251
155200
155177
155160
155120
155067
154890
154873
154869
154857
154854
154806
154630
154626
154567
154526
154482
154373
154343
154329
154279
154209
154113
154105
154054
154010
153957
153897
153815
153713
153654
153634
153611
153592
153573
153560
153532
153362
153152
153130
153127
153081
153007
152984
152973
152933
152879
152639
152544
152454
152401
152390
152357
152348
152322
152311
152268
152229
152216
152096
152073
151964
151930
151929
151922
151733
151709
151706
151610
151607
151563
151556
151545
151544
151432
151356
151347
151269
151263
151190
151165
150739
150660
150575
150486
150405
150392
150387
150289
150259
150244
150239
150206
150176
150132
150095
149989
149922
149869
149862
149826
149787
149770
149753
149728
149713
149705
149684
149681
149680
149677
148662
148565
148448
148441
148437
148359
148255
148239
148121
148047
147986
147898
147854
147849
147845
147711
147663
147603
147563
147441
147283
147278
145950
145946
145936
145916
145815
144720
144687
144557
144544
144536
144454
144193
144165
144006
143851
143814
143763
143751
143616
143563
143558
143512
143467
143299
143204
143159
143060
142194
142167
142098
142091
142054
142048
142041
142000
141964
141955
141914
141903
141895
141884
141844
140438
140418
140409
140242
140145
140142
140141
140118
140011
139995
139980
139948
139946
139912
139887
139780
139740
139670
139559
139541
139482
139462
139449
139443
139354
139265
139264
139262
139253
139231
139212
139198
139136
138841
138803
138764
138522
138466
138449
138439
138385
138327
138288
138183
138156
138150
132224
132203
132200
132144
132130
132083
132057
131997
131973
131971
131937
131891
131891
131864
131833
131809
131804
131788
131776
131738
131627
131619
131605
131569
131450
131413
131409
131390
131368
131360
131151
131151
131140
131138
131121
131107
131077
131059
131027
131021
131003
130834
130780
130773
130679
130648
130631
130613
128946
128905
128842
128729
128684
128656
128605
128530
128477
128445
128407
128376
128376
128316
128273
128235
128156
128132
128115
128095
127986
127967
127944
127943
127878
127820
127802
127794
127677
127641
127610
127498
127458
127451
127445
127415
127363
127338
127268
127210
127102
127091
126143
126103
126077
126001
125952
125762
125759
125725
125672
125601
125538
125490
123785
123693
123618
123510
123483
123464
123422
123414
123317
123251
123156
123119
123086
123049
121578
121577
121528
121472
121330
121188
121186
121088
121052
120946
120777
120768
120766
120677
120677
120497
120469
120461
120386
120375
120374
120189
120152
120115
120113
120079
119874
119866
119728
119602
119570
119443
119436
119427
119371
119358
119327
119308
119272
119237
119184
119170
119088
119083
119054
119004
118928
118893
118818
118772
118672
118574
118535
118481
118374
118295
118234
118173
118132
118094
118056
118055
118054
118050
118039
117920
117910
117859
117789
117760
117755
117618
117559
117496
117473
117465
117410
117370
117339
117231
117084
117040
116986
116973
116820
116776
116774
116707
116573
116551
116533
116502
116315
116190
116146
116132
116123
116048
116001
115720
115708
115686
115557
115541
115501
115489
115347
115311
115289
115145
115116
115072
115059
114987
114880
114768
114764
114736
114721
114634
114624
114616
114611
114473
114414
114370
114350
114268
114086
114066
114025
113976
113970
113916
113872
113850
113801
113783
113769
113556
113548
113519
113458
113397
113265
113262
113255
113216
113142
113119
113078
113065
113061
113027
112933
112928
112920
112902
112901
112869
112748
112672
112645
112604
112603
112497
112469
112463
112456
112410
112397
112354
112238
112022
112008
111967
111965
111939
111906
111904
111776
111718
111601
111568
111467
111454
111391
111357
111348
111303
111279
111223
111216
111190
111048
111028
110908
110895
110884
110804
110709
110693
110651
110638
110615
110370
110328
110294
110260
110187
109946
109940
109938
109900
109890
109834
109809
109787
109755
109636
109630
109613
109605
109558
109494
109486
109435
109377
109375
109358
109254
109155
109105
109031
108916
108904
108879
108838
108768
108763
108761
108712
108665
108636
108581
108547
108519
108361
108321
108304
108275
108250
108129
108120
108083
108081
108068
108009
107998
107816
107805
107695
107686
107685
107608
107566
107544
107536
107497
107490
107463
107427
107325
107307
107283
107258
107229
107073
107059
107041
106963
106804
106755
106391
106353
106328
106272
106238
106098
106061
105990
105971
105967
105952
105873
105674
105584
105515
105496
105431
105417
105372
105347
105268
105259
105215
105172
105152
105147
105112
105046
105027
104945
104890
104832
104752
104710
104535
104473
104375
104345
104302
104302
104292
104222
104165
104093
104078
104062
104022
103987
103987
103955
103953
103937
103925
103850
103715
103589
103571
103427
103400
103393
103290
103286
103264
103199
103109
102970
102956
102841
102837
102820
102719
102529
102526
102499
102460
102432
102411
102355
102200
102109
102014
101910
101823
101795
101742
101699
101656
101628
101627
101621
101599
101446
101356
101314
101191
101125
101123
101061
100916
100893
100862
100842
100749
100699
100631
100528
100527
100525
100508
100446
100444
100411
100406
100377
100375
100284
100237
100227
100177
100138
100132
100076
100002
99977
99952
99915
99888
99814
99809
99792
99778
99674
99629
99560
99381
99315
99310
99276
99264
99260
99253
99172
99147
99059
99028
98993
98947
98939
98936
98829
98811
98724
98622
98597
98574
98553
98538
98488
98446
98289
98279
98276
98233
97899
97797
97708
97678
97592
97442
97426
97414
97414
97282
97276
97258
97232
97219
97174
97143
97074
97053
97033
96873
96774
96706
96693
96610
96450
96401
96376
96334
96240
96169
96096
96043
95990
95988
95813
95794
95774
95715
95686
95668
95644
95609
95595
95594
95493
95489
95488
95474
95318
95318
95212
95204
95201
95067
95037
95014
94972
94950
94940
94800
94732
94709
94702
94567
94562
94552
94538
94447
94363
94332
94272
94236
94230
94183
94174
94156
94142
94120
94094
94086
94038
94026
93990
93989
93962
93945
93854
93811
93719
93696
93662
93634
93596
93520
93469
93453
93416
93404
93380
93353
93339
93263
93256
93089
93000
92947
92922
92815
92796
92780
92730
92716
92605
92568
92488
92392
92342
92341
92339
92338
92312
92256
92209
92126
92057
92037
91941
91869
91803
91780
91743
91673
91671
91663
91649
91640
91472
91470
91414
91344
91338
91231
91162
91107
91015
90997
90963
90887
90838
90836
90751
90719
90712
90652
90637
90524
90467
90337
90042
89986
89909
89850
89849
89839
89758
89745
89684
89661
89618
89611
89532
89478
89466
89425
89416
89229
89211
89058
89054
89050
89038
89015
88951
88907
88904
88893
88474
88438
88366
88250
88239
88170
88094
88033
88027
87934
87759
87735
87726
87698
87659
87657
87652
87566
87534
87521
87436
87396
87354
87335
87294
87093
87077
87018
87006
86982
86976
86969
86967
86904
86844
86818
86799
86788
86765
86738
86610
86605
86528
86394
86346
86344
86339
86310
86291
86264
86123
86097
85921
85763
85754
85682
85634
85597
85569
85077
84848
84782
84779
84633
84585
84537
84533
84499
84447
84435
84365
84353
84346
84329
84273
84230
84211
84209
84163
84145
84046
84029
83984
83967
83966
83923
83820
83790
83683
83641
83617
83590
83586
83521
83516
83480
83441
83339
83326
83242
83175
79252
79189
79184
79161
79111
79079
79047
79022
79005
78995
72486
72456
72438
72313
72259
72251
72051
71185
71114
71076
71027
70980
70747
70637
70616
70573
70523
70502
70478
70328
70323
70194
70153
70142
65508
65408
65404
65371
65365
65356
65255
65248
65236
65199
65074
65071
65035
65023
64957
64955
63267
63228
63141
63139
63070
63045
62922
62900
62896
62771
62655
62590
62499
62485
62395
62390
62294
62239
54787
54782
54718
54648
54635
54591
54576
50457
50425
50401
50368
43206
43184
42981
42978
42955
42931
42926
42892
36037
35999
35979
35932
35905
35661
35646
35642
35553
35486
34042
34026
34017
32211
32072
32063
31949
31887
31819
31807
31745
31735
31731
28658
28657
28626
28614
28545
28495
28448
28387
28347
28258
28210
27369
27325
27258
27149
27038
27029
26921
26901
26793
26746
25425
25418
25405
25399
25386
25373
25271
25154
25154
22911
22880
22833
22807
22762
22639
22618
22532
22504
20871
20846
20843
20703
20652
20645
20616
20582
20515
20500
20491
20377
20310
20276
20188
20110
20105
20099
20082
18335
18259
18193
18188
18138
18042
17948
17926
17906
17905
17841
17835
17777
17700
17685
17679
13397
13271
13245
13238
13218
13205
13165
13142
12991
12965
12916
12889
12858
12839
12809
12761
12746
12700
12686
8890
8567
8298
8187
8161
8145
8064
8039
7788
7639
7620
7605
7456
7414
7296
7217
7216
7208
7158
7123
7050
6977
6075
6033
5987
5930
5893
5685
5649
5594
5524
5493
5386
5324
5317
5279
5154
5143
5128
5042
5001
4962
4943
4927
4884
4870
4858
4816
4778
4767
4719
4665
4626
4611
4542
4510
4503
3811
3794
3715
3689
3684
3683
3589
3469
3423
3352
3344
3290
3246
3199
3168
3164
3145
3118
3010
2878
2699
2631
2564
2543
2447
2444
2405
2401
2340
2283
2239
2179
2172
2130
2127
2121
1885
1809
1791
1673
1634
1555
1498
1496
1467
1442
1398
1391
1259
1179
1044
1011
982
946
946
918
911
906
841
813
805
743
716
615
593
527
504
460
307
279
268
221
209
171
127
95