999987
999909
999833
999809
999494
999343
999297
999060
998951
998864
998849
998832
998797
998670
998329
998059
998052
997828
997826
997740
997575
997530
997126
997097
997048
997040
997027
997023
996997
996990
996728
996630
996620
996598
996537
996478
996338
996037
995992
995659
995635
995214
995176
995148
994920
994878
994863
994774
994696
994572
994317
994282
994278
994251
994238
994148
994024
993984
993664
993448
993350
993160
993155
993110
992697
992411
992263
992154
992134
992042
991919
991810
991401
991374
991235
991189
990913
990798
990797
990773
990415
990402
990289
990246
990204
989957
989898
989820
989715
989603
989491
989469
989392
989319
989276
989158
988994
988740
988444
988376
988354
988314
988162
988153
988002
987903
987816
987781
987750
987528
987189
987170
986894
986606
986539
986429
986416
986393
986302
986269
986194
986163
986071
985981
985851
985635
985628
985448
985337
985240
985162
985083
984972
984905
984499
984486
984277
984198
984094
983902
983899
983876
983498
983489
983442
983046
982686
982458
982345
982254
982142
982044
982020
981974
981913
981814
981607
981597
981197
981167
980987
980986
980804
980608
980569
980452
980379
980339
980332
980203
980170
979614
979383
979251
979176
979110
979086
978726
978530
978502
978430
978259
978214
978173
977948
977868
977369
976965
976890
976814
976724
976705
976595
976494
976306
976296
975963
975861
975820
975798
975597
975429
975425
975301
975059
975058
974949
974352
974207
974064
973917
973780
973693
973608
973536
973473
973465
973337
973137
973038
972877
972761
972603
972544
972537
972452
972115
972085
972066
972046
971888
971699
971526
971343
971316
971160
971118
970760
970658
970358
970062
969784
969777
969723
969439
969393
969145
969075
969009
969000
968871
968840
968628
968620
968603
968473
968336
968273
967903
967643
967490
967105
967052
966682
966485
966472
966383
966278
965984
965948
965905
965901
965832
965764
965613
965257
965215
965108
965027
964967
964623
964392
964351
964340
964006
963930
963687
963635
963526
963428
963401
963279
963179
963130
963014
962959
962934
962931
962690
962673
962588
962551
962500
962469
962413
962398
962321
962229
962032
961969
961544
961282
961234
960924
960887
960826
960823
960803
960636
960620
960601
960531
960443
960333
960299
960210
960122
959907
959855
959799
959783
959596
959573
959406
959202
959155
959102
959024
958700
958646
958451
958143
958106
958082
957921
957689
957316
957216
957059
957047
956961
956882
956810
956654
956648
956614
956590
956415
956222
956049
956006
955992
955975
955886
955843
955776
955564
955526
955509
955250
955121
955022
954979
954969
954734
954556
954516
954486
954276
954129
953901
953885
953684
953657
953546
953538
953521
953446
953289
953168
953083
953013
952953
952914
952833
952830
952802
952629
952216
952032
951963
951849
951764
951733
951664
951650
951406
950845
950718
950665
950578
950455
950396
950217
950187
950185
950041
950035
949706
949551
949114
949020
948988
948893
948729
948725
948705
948457
948318
948230
947916
947875
947829
947774
947652
947472
947397
947079
946786
946756
946718
946464
946306
946270
946205
946059
945897
945606
945494
945411
945381
945259
945237
945219
945139
944999
944978
944892
944796
944721
944685
944642
944576
944459
944367
944194
944075
943865
943834
943578
943419
943102
942993
942865
942817
942546
942518
942232
942194
942186
942174
942163
941979
941960
941907
941659
941586
941362
941317
941242
941038
941009
940783
940738
940226
940207
940148
940043
940007
939840
939743
939731
939636
939417
939374
939336
939303
939271
939245
938997
938714
938532
938494
938455
938430
938230
938193
938190
938132
938090
937854
937609
937576
937515
937443
937182
937173
936810
936641
936341
936187
936032
936012
936011
935900
935822
935705
935660
935634
935566
935409
935333
935239
935183
935144
934976
934906
934896
934851
934686
934371
934367
934300
934230
934228
934126
934084
934019
933828
933755
933719
933663
933606
933595
933538
933468
933438
933336
933047
933018
932780
932749
932718
932341
932281
932008
931954
931898
931866
931842
931809
931759
931677
931432
931400
931232
931187
930930
930726
930668
930577
930562
930469
930250
930164
930077
929965
929913
929867
929674
929673
929610
929456
929381
929373
929308
929016
928643
928290
928199
928160
927953
927931
927894
927767
927721
927638
927547
927525
927425
927373
927338
927274
927258
927203
927130
927085
926785
926683
926508
926394
926335
926271
926263
926256
926170
926063
925891
925806
925765
925423
925369
925329
925230
925182
925158
925108
925085
925079
924529
924446
924437
924381
924377
924355
924241
924185
924113
923781
923701
923623
923290
923197
923103
922691
922662
922548
922487
922445
922400
922361
921914
921893
921877
921802
921754
921651
921256
921236
920865
920841
920715
919943
919751
919392
919208
919091
918937
918907
918776
918679
918635
918573
918336
918333
918227
918082
917692
917531
917305
916874
916831
916645
916625
916593
916579
916401
916177
916156
916107
916105
915842
915750
915475
915366
915229
915159
915118
915002
914847
914835
914826
914724
914598
914510
914430
914057
913855
913703
913645
913318
913278
913200
913116
913033
913032
912896
912732
912667
912575
912397
912066
911919
911720
911663
911634
911405
911105
910980
910829
910787
910683
910660
910535
910526
910474
910407
910295
910248
910145
909669
909658
909520
909244
909057
908977
908694
908253
908158
908058
908009
907891
907607
907481
907372
907338
907318
907305
907052
906916
906739
906725
906567
906555
906522
906509
906469
905934
905505
905424
905208
905134
905124
905085
905061
905032
904911
904909
904861
904813
904646
904496
904331
904283
904157
904026
903794
903734
903149
902907
902879
902763
902697
902664
902494
902322
902286
902195
901849
901804
901685
901679
901446
901411
901359
901178
901174
900514
900285
900228
900216
900122
900033
899570
899116
899108
899020
899017
898980
898806
898789
898428
898386
898314
898300
898007
897933
897810
897806
897797
897783
897579
897336
897021
896981
896840
896833
896816
896487
896349
896208
896136
895938
895672
895615
895514
895321
895150
895038
894766
894727
894264
894199
894138
893703
893495
893491
893468
893443
893371
893363
893354
893347
893234
893195
893188
892937
892829
892796
892720
892423
892277
892261
892220
892125
892083
892002
891965
891926
891907
891865
891762
891731
891632
891450
891449
891372
891344
891238
891218
891210
891201
891163
890994
890903
890858
890587
890485
890377
890190
889852
889827
889706
889703
889694
889644
889538
889533
889267
889253
889228
889155
889151
889006
888652
888331
888319
888266
888136
887815
887619
887563
887419
887395
887292
886956
886796
886570
886566
886541
886169
886042
886034
886002
885656
885548
885407
885039
885005
884979
884829
884740
884702
884690
884669
884630
884601
884478
884306
884188
884183
884056
884046
883922
883816
883773
883361
883352
883286
883242
883010
882774
882445
882434
882413
882204
882150
882088
882073
881637
881630
881610
881305
880916
880678
880329
880262
880202
880168
880110
879848
879574
879490
879305
879230
878629
878574
878418
878038
877699
877615
877241
877170
877073
876974
876729
876477
876288
876214
876192
876057
875935
875854
875740
875433
875219
875152
875032
874980
874802
874790
874478
874331
874325
873998
873932
873923
873859
873819
873816
873729
873700
873565
873457
873408
873235
873207
873148
873001
872979
872966
872571
872518
872471
872453
872446
872431
872419
872260
872157
872017
871960
871592
871197
871167
871008
871003
870885
870765
870655
870535
870411
870297
870187
869827
869825
869685
869264
869207
869204
869156
868849
868648
868596
868412
868391
868176
868100
868041
867994
867770
867766
867729
867712
867430
867423
867404
867271
867267
866862
866546
866199
865968
865884
865802
865599
865441
865167
865147
865082
865015
864992
864541
864491
864343
864330
864327
864291
864248
864146
864011
863986
863829
863748
863605
863536
863448
863073
862714
862544
862408
862382
862097
862090
861827
861762
861673
861541
861479
861371
860745
860626
860431
860382
860301
860285
860268
859988
859903
859780
859774
859531
859511
858975
858894
858864
858800
858706
858620
858537
858470
858395
858317
858313
858023
858016
857914
857627
857621
857427
857190
857166
857055
857004
856717
856273
856269
856250
856180
856023
855982
855835
855683
855504
855477
855460
855373
855248
855182
855103
855094
854928
854800
854579
854550
854460
854448
854382
854343
854288
854272
854216
854078
853211
853060
852944
852867
852846
852844
852584
852583
852380
852305
852262
852139
851835
851827
851791
851743
851714
851633
851517
851264
850950
850742
850433
850079
849858
849811
849706
849304
849163
848950
848664
848532
848103
848097
847989
847850
847802
847704
847686
847530
847464
847393
847221
847124
847104
847054
846965
846869
846479
846408
846397
846206
846173
846147
845825
845713
845684
845375
845357
845355
845307
845203
845096
844983
844954
844752
844683
844567
844494
844439
844125
844110
844078
844070
844024
843896
843783
843714
843607
843522
843504
843431
843328
843319
843203
842649
842367
842327
842192
841759
841703
841668
841659
841321
841215
841212
841190
840898
840688
840514
840465
840155
840106
840045
839912
839897
839781
839701
839624
839516
839513
839508
839457
839266
839192
839157
839013
838916
838868
838852
838744
838457
838321
838233
838196
838000
838000
837667
837629
837487
837431
837395
837228
837045
837035
837009
837008
836833
836580
836368
836293
836256
836202
836102
835982
835850
835685
835471
835405
835385
835211
835138
834992
834988
834953
834684
834394
834108
834096
834008
833852
833653
833590
833522
833439
833425
833235
833136
833129
832949
832742
832705
832395
832168
832149
832126
832009
831660
830678
830537
829863
829804
829706
829675
829624
829473
829453
829451
829436
829384
829361
829123
829013
829007
828889
828837
828768
828595
828584
828505
827952
827902
827836
827758
827488
827443
827283
827281
827215
826637
826449
826121
826042
825597
825467
825425
825221
825149
824618
824445
824371
824226
824126
824036
823811
823786
823639
823611
823179
823071
823026
822930
822833
822830
822538
822458
822400
822322
821958
821933
821728
821488
821444
821416
821060
820980
820980
820955
820936
820913
820870
820824
820746
820612
820599
820238
820171
820135
820130
819647
819560
819526
819375
819366
819214
819091
818977
818926
818704
818622
818610
818356
818231
818120
817954
817830
817621
817439
817425
817415
817344
817212
817126
817001
816937
816915
816788
816665
816499
816401
816371
816281
816246
816202
815923
815871
815792
815788
815670
815466
815221
815144
815122
815114
814884
814819
814618
814583
814250
814145
813979
813957
813806
813555
813504
813369
813207
813050
812945
812760
812223
812105
812026
812024
811942
811921
811859
811835
811748
811685
811636
811488
811181
811157
811054
810922
810859
810657
810267
810080
810070
810064
809950
809753
809684
809418
809328
809325
809223
809035
809032
808703
808651
808396
808196
808173
808106
808072
808022
808020
807901
807845
807811
807656
807579
807154
807144
807102
807049
807017
806911
806831
806742
806409
806178
805756
805639
805316
805214
805157
805019
804864
804588
804241
804109
804054
804014
803939
803442
803397
803194
803167
803163
803104
802679
802529
802309
802144
802063
801952
801803
801683
801426
801344
800976
800862
800853
800767
800558
800349
800322
800307
800276
800183
800066
799829
799794
799720
799637
799484
799332
799171
799033
798746
798340
798333
798310
798295
798292
798083
797935
797798
797662
797377
797070
796947
796476
796415
796295
796237
796092
795942
795650
795630
795628
795373
795200
794953
794896
794582
794432
794175
794173
794023
793937
793498
793472
793409
793375
793353
793285
793166
793001
792624
792561
792246
792152
792036
791902
791700
791669
791616
791594
791458
791419
791408
791392
791358
790962
790910
790510
790348
790314
790278
790110
790046
789974
789924
789840
789450
788814
788769
788583
788499
788219
788199
787895
787661
787651
787622
787399
787346
787185
787159
787092
787070
786687
786563
786559
786465
786453
786348
786319
786180
786114
786108
786099
786022
785605
785465
785395
785288
785252
785168
785155
784947
784939
784828
784762
784531
784375
784273
784184
784044
784039
783849
783365
783353
783262
783230
783184
783183
783083
782642
782545
782481
782352
782346
782326
782234
782119
781974
781883
781859
781790
781734
781606
781412
781410
781382
781257
781035
780959
780473
780455
780175
780041
779991
779882
779817
779401
779284
779199
779191
779162
779021
778989
778898
778746
778463
778418
778361
778247
777532
777530
777482
777278
777244
777166
777161
776952
776918
776807
776540
776352
776347
776286
776174
776081
776019
775921
775786
775661
775566
775555
775438
775385
775183
774882
774834
774595
774562
774561
774548
774511
774495
774242
774015
773874
773795
773637
773636
773634
773556
773502
773453
773409
773268
773126
772826
772822
772669
772564
772520
772478
772327
772235
772130
772085
771930
771895
771883
771682
771479
771011
770960
770804
770473
770459
770451
770447
770270
770261
770173
769900
769780
769682
769573
769507
769421
769387
769309
769056
769019
768959
768829
768726
768681
768476
768301
768169
768163
768159
768046
768032
767994
767960
767794
767694
767443
767417
767415
767397
767232
767191
767132
767043
766977
766746
766548
766512
766317
766316
766274
766055
766049
766021
765940
765867
765853
765713
765601
765269
765161
765129
765027
764708
764707
764646
764527
764523
764513
764344
764296
764164
764019
763991
763978
763820
763685
763539
763426
763317
763304
762825
762631
762571
762528
762485
762376
762288
761985
761887
761705
761248
760954
760765
760672
760495
760239
760204
760145
760136
759884
759853
759630
759527
759130
759074
758979
758974
758937
758784
758774
758553
758510
758496
758466
758341
758090
757930
757892
757841
757678
757673
757626
757550
757495
757308
757119
757117
757084
757005
756999
756863
756836
756740
756535
756396
756372
756367
755967
755592
755378
755328
755190
755133
755059
754818
754808
754660
754559
754508
754045
753950
753885
753691
753653
753651
753624
753467
753454
753312
753303
753202
752399
752237
752118
751705
751667
751624
751458
751421
751157
750949
750414
749386
749328
749322
749259
749017
748775
748479
748429
748389
748131
748044
748033
747947
747486
747341
747318
747303
747122
747116
747082
746936
746852
746846
746726
746661
746601
746599
746580
746550
746548
746229
746211
746129
745777
745377
745136
745096
744881
744740
744582
744541
744266
743787
743724
743635
743234
743206
743198
743118
743027
742916
742742
742647
742507
742401
742399
742193
742120
742114
742106
742004
741837
741785
741767
741763
741717
741679
741527
741444
741389
741385
741333
741259
741062
741039
741003
740956
740460
740309
740302
740081
739905
739830
739673
739516
739513
739425
739167
739107
739090
738949
738822
738437
738418
738080
737876
737840
737822
737708
737395
737337
737240
737146
737104
737044
736944
736262
736251
736130
736069
735945
735873
735851
735813
735245
735167
734936
734794
734420
734390
734226
734076
733976
733859
733607
733580
733199
733053
732867
732844
732794
732719
732700
732565
732382
732125
732077
731946
731886
731759
731527
731292
731165
731066
730970
730859
730769
730690
730658
730307
730194
730061
730047
729853
729582
729573
729530
729493
729428
728978
728783
728547
728452
728314
728059
727935
727823
727744
727410
727194
727178
727125
726971
726845
726664
726426
726388
726384
726094
725956
725927
725805
725544
725482
725212
725209
724928
724903
724542
724511
724493
724431
724337
724224
724176
724083
724011
723925
723836
723822
723812
723806
723779
723773
723636
723632
723336
723274
723250
723164
723027
722461
722301
721998
721822
721405
721379
721341
721303
721171
721115
721078
720434
720353
720266
720076
719776
719688
719632
719401
719385
719248
719230
719205
719124
719119
719117
719111
719073
719027
719026
718535
718160
717937
717873
717590
717244
717121
717108
717091
716819
716590
716588
716512
716333
716322
716258
716212
716175
716050
715753
715651
715515
715506
715482
715434
715357
715169
715098
714737
714650
714333
714321
714218
714132
714041
713985
713815
713638
713578
713530
713272
713190
713143
713120
713106
712942
712555
712455
712113
712054
711892
711847
711615
711529
711356
711331
711307
711259
711229
711159
710593
710200
710073
710050
709863
709863
709836
709621
709619
709566
709451
709408
709379
709317
709172
709140
708828
708718
708508
708491
708461
708291
708210
707977
707910
707847
707674
707607
707598
707114
706636
706582
706573
706512
706223
706188
705969
705672
705574
705510
705450
705164
704871
704741
704677
704563
704503
704486
704447
704298
704259
704212
704162
704102
704010
703933
703896
703778
703712
703621
703431
703417
703353
703140
702991
702816
702728
702642
702546
702485
702428
702101
702091
702054
702026
702005
701605
701416
701071
700696
700453
700240
700195
700181
700018
700011
699556
699519
699408
699345
699297
699184
699083
699072
699053
699028
698905
698825
698823
698663
698639
698378
698328
698203
698110
697977
697952
697786
697692
697627
697594
697522
697489
697394
697355
697262
697188
697178
697123
697093
696882
696757
696562
696499
696490
696430
696361
696206
696094
696063
695930
695851
695778
695746
695688
695500
695218
695096
694994
694850
694753
694425
694230
694025
693911
693844
693604
693554
693373
693342
693323
692650
692421
692344
692306
692238
691765
691588
691588
691313
691166
691121
690866
690791
690693
690671
690527
690500
690355
690338
690277
690277
690209
690022
689877
689860
689835
689749
689666
689649
689581
688802
688793
688651
688541
688348
688130
688127
688125
688105
687810
687647
687438
687336
687292
687117
687015
687011
686696
686599
686521
686126
686058
686038
685919
685841
685840
685828
685720
685449
685220
685166
685018
684603
684531
684520
684260
684180
684092
683971
683755
683747
683530
683513
683422
683130
682986
682925
682753
682662
682610
682439
682268
682264
682249
682123
681924
681856
681604
681262
681135
681106
681098
681034
680979
680971
680955
680881
680553
680364
680104
680005
679848
679706
679615
679494
679384
679312
679274
678882
678852
678843
678744
678683
678476
678401
678335
678241
677832
677782
677565
677540
677537
677331
677320
677280
677113
676922
676824
676811
676745
676648
676639
676632
676563
676385
676285
676175
676065
675976
675859
675737
675604
675490
675458
675428
675382
675336
675120
675072
674974
674856
674451
674382
674279
674083
674067
673990
673861
673740
673705
673372
673178
673173
673084
673039
672929
672840
672838
672680
672325
672286
671859
671715
671674
671604
671481
671289
671202
671059
671025
670916
670854
670808
670770
670685
670341
670259
670147
669990
669987
669315
669092
668704
668687
668540
668479
668279
668162
668120
668030
667912
667797
667520
667456
667440
667412
667320
667300
667070
666928
666882
666797
666738
666554
666513
666510
666311
666263
666223
666186
666163
666154
666102
665673
665447
665121
665091
664983
664691
664620
664558
664509
664477
664374
664361
664275
664184
664023
663887
663864
663196
662972
662828
662750
662718
662717
662568
662381
662207
662206
662095
661753
661748
661686
661576
661550
661465
661384
661192
661188
660842
660838
660406
660270
659921
659916
659455
659104
659100
658813
658751
658598
658492
658259
658141
658137
657944
657908
657714
657228
657183
657115
657093
657066
657028
656888
656844
656581
656566
656257
656232
656091
656010
655992
655935
655807
655633
655566
655547
655434
655394
655148
654996
654498
654297
654275
653851
653713
653544
653537
653472
653420
653041
652972
652890
652395
652360
652094
652078
651982
651977
651811
651705
651651
651587
651309
651283
651195
651188
651139
651102
651070
651058
651025
650900
650829
650807
650666
650486
650337
650292
650241
650069
650056
649796
649786
649756
649715
649573
649520
649175
649018
648763
648750
648584
648557
648442
648359
648323
648199
648023
647979
647891
647699
647273
647083
646932
646896
646887
646720
646464
646419
646315
646286
646232
646183
646173
646121
646079
646010
645956
645927
645820
645818
645638
645501
645500
645369
645292
645199
645195
645183
645002
644911
644894
644855
644844
644780
644774
644691
644496
644174
643964
643902
643880
643777
643696
643561
643544
643540
643530
643419
643417
643222
643070
642984
642611
642515
642381
642326
642179
642135
642043
642006
641950
641870
641831
641725
641712
641530
641325
641154
641136
640980
640963
640874
640870
640775
640107
640101
640051
639931
639818
639817
639075
638765
638602
638511
638489
638308
638216
638164
637957
637843
637787
637787
637620
637281
637209
637145
636936
636935
636902
636844
636510
636430
636205
636151
635939
635932
635931
635914
635480
635408
635399
635134
634631
634595
634483
634195
634183
634151
633721
633361
633176
632978
632954
632817
632710
632513
632427
632362
632257
632078
631820
631746
631438
631396
631326
631228
631119
630813
630666
630592
630563
630221
629847
629573
629550
629517
629432
629393
629365
629237
629116
628891
628767
628730
628462
628457
627971
627922
627901
627861
627706
627646
627526
627500
627483
627464
627442
627386
627361
627322
627292
627158
627063
627039
626899
626367
626338
626270
626225
626213
626173
626088
626049
625964
625817
625698
625503
625397
625374
625287
625287
625276
625229
625067
624916
624769
624649
624616
624508
624464
624442
624311
624129
624105
623928
623352
623004
622929
622843
622764
622672
622626
622547
622441
622420
622365
622205
622128
621963
621871
621290
621271
621112
621047
621028
620884
620844
620725
620684
620277
620075
620008
619956
619884
619811
619693
619639
619636
619470
619438
619430
619380
619310
619280
619245
619212
619200
619189
619130
619109
619093
619047
618927
618863
618845
618762
618452
618451
618286
618192
618187
618098
618017
618015
617987
617514
617152
617108
617083
616654
616557
616540
616536
616520
616385
616301
616228
615963
615957
615864
615812
615772
615749
615691
615681
615680
615127
615125
615012
614846
614761
614659
614563
614545
614517
614503
614490
614390
614373
614134
614036
613943
613933
613675
613366
613296
613280
613163
612970
612947
612944
612849
612835
612575
612529
612245
612194
611868
611697
611667
611580
611575
611408
611232
611181
611080
611065
611038
611013
610629
610546
610068
609740
609111
608960
608525
608278
608256
608233
608111
608075
607980
607793
607770
607617
607498
607273
607238
607229
607169
607152
607050
606616
606573
606485
606472
606466
606344
606208
606205
606081
605972
605915
605770
605766
605658
605588
605150
604991
604663
604400
604395
604362
604256
603927
603887
603878
603877
603821
603616
603580
603122
602965
602736
602639
602528
602365
602236
602154
601929
601802
601770
601699
601623
601503
601469
601400
601380
601364
601081
601015
600920
600913
600888
600355
600310
600214
600188
599862
599762
599643
599551
599527
599440
599077
598618
598506
598278
598276
598227
598205
598162
598062
597566
597520
597314
596990
596955
596904
596885
596671
596583
596572
595966
595811
595772
595730
595581
595326
595213
594953
594936
594663
594581
594444
594431
594414
594318
594298
594285
594148
594099
594098
593557
593516
593488
592934
592678
592547
592419
592404
592214
591982
591965
591959
591868
591861
591732
591703
591693
591615
591584
591484
591473
591353
591154
591073
591052
591017
590974
590964
590706
590548
590509
590451
590415
590220
590031
589783
589774
589702
589392
589175
589141
588978
588875
588685
588428
588378
588321
588202
588195
588151
588148
588044
587856
587388
587306
587257
587251
587224
587210
587200
587121
587119
587054
587014
587004
586933
586889
586738
586612
586490
586284
586274
585895
585868
585708
585699
585640
585373
585328
585234
585214
585159
584864
584604
584555
584541
584132
584020
583989
583918
583679
583561
583544
583403
583291
583212
583140
583008
582941
582539
582328
582309
582182
582005
581845
581754
581641
581355
581352
581184
581169
581125
581068
580999
580563
580276
580276
580007
579822
579779
579611
579453
579376
579328
579185
579009
578982
578872
578717
578701
578431
578308
578273
578256
578183
578133
578060
578059
577985
577650
577506
577438
577382
576920
576820
576533
576504
576207
575955
575867
575654
575526
575425
575275
575136
575052
575046
574838
574096
573198
573177
572992
572940
572542
572314
572107
571843
571745
571589
571545
571514
571436
571400
571319
571133
570934
570800
570781
570134
569557
569522
569445
569371
569324
569198
569169
569047
569001
568960
568959
568941
568842
568724
568624
568207
568087
568075
568035
567978
567889
567877
567471
567469
567434
567257
567147
566968
566949
566948
566919
566858
566845
566691
566404
566355
566024
565767
565658
565632
565271
565148
565076
565073
565066
564929
564834
564811
564811
564681
564624
564593
564333
563754
563749
563675
563530
563376
563331
563236
563235
563207
563027
563014
562886
562794
562688
562688
562643
562485
562402
562397
562150
562083
561958
561881
561861
561539
561249
561151
560841
560779
560721
560252
560087
559629
559607
559591
559527
559496
559493
559490
559212
559193
558862
558769
558703
558666
558575
558236
558080
557989
557701
557515
557443
557396
557297
557286
556754
556489
555986
555883
555840
555823
555772
555739
555363
555350
555298
555294
555243
555188
555141
555127
554982
554811
554632
554134
553945
553808
553711
553490
552995
552971
552527
552515
552465
552363
552258
552157
552085
552032
551935
551868
551853
551802
551685
551605
551603
551592
551260
551032
550981
550892
550765
550751
550613
550468
550294
550178
549983
549942
549732
549476
549219
549175
549139
548783
548597
548551
548503
548371
548192
548134
547803
547690
547652
547261
547219
546962
546918
546878
546853
546688
546638
546512
546506
546481
546156
546126
546108
546010
545941
545860
545750
545578
545546
545407
545036
544632
544594
544522
544478
544430
544302
543955
543916
543538
543501
543427
543190
543171
542997
542940
542751
542658
542491
542480
542382
542374
542309
542197
542062
542007
541934
541922
541881
541873
541631
541522
541219
541113
541069
540928
540926
540513
540425
540407
540313
540309
539952
539896
539549
539246
539092
539052
539033
538903
538421
538333
537959
537936
537786
537755
537585
537583
537576
537523
537483
537243
537243
537062
536714
536645
536419
536075
536051
535894
535813
535775
535771
535047
534686
534386
534327
534247
534188
534175
534076
533994
533891
533821
533718
533584
533395
533331
533252
533083
533062
532985
532963
532882
532860
532858
532838
532811
532734
532534
532490
532458
532371
532332
532311
532294
532278
532224
532102
531791
531667
531608
531539
531533
531443
531379
531298
531198
531131
531093
531092
530987
530762
530710
530220
530183
529955
529669
529588
529570
529448
529398
529331
529310
529289
529104
529074
529047
529034
528897
528883
528766
528720
528479
527883
527781
527706
527604
527577
527514
527486
527413
527307
527293
527096
527023
526787
526743
526742
526708
526366
526165
526062
526057
526048
525810
525792
525777
525739
525068
524960
524886
524876
524820
524708
524501
523974
523919
523875
523832
523752
523452
523404
523356
523342
522949
522940
522750
522725
522318
522190
522160
522007
521878
521820
521806
521803
521757
521635
521387
521274
521139
521096
521078
520760
520744
520486
520403
520400
520385
520077
519978
519946
519653
519638
519548
519430
519042
518959
518903
518862
518838
518718
518660
518412
518400
518256
517689
517673
517661
517615
517355
517323
517139
516809
516690
516462
516310
515873
515735
515524
515439
515328
515321
515267
515241
515233
515169
514987
514871
514860
514754
514513
514439
514362
514297
514280
514148
514136
514087
513977
513930
513857
513405
513296
513177
513099
512875
512866
512857
512688
512660
512495
512315
512207
511910
511857
511706
511643
511611
511610
511463
511353
511267
511231
511171
511126
511101
511090
511080
511042
511023
510993
510899
510871
510500
510370
510307
510258
509945
509945
509900
509588
509554
509385
509072
508984
508877
508634
508583
508574
508496
508195
508131
507954
507873
507749
507698
507639
507331
507320
507142
507110
507092
507065
507038
506664
506560
506413
505801
505659
505617
505324
505152
504084
503699
503672
503495
503427
503364
503347
503329
503286
503240
502679
502659
502651
502364
502053
501949
501880
501860
501715
501526
501354
501342
501281
501179
501089
500959
500946
500926
500427
500116
500049
500041
499955
499888
499776
499769
499507
499483
499102
499032
498810
498633
498390
498373
498256
498078
497923
497812
497649
497556
497520
497343
497123
497025
496790
496561
496375
496232
496136
496006
495993
495563
495492
495370
495293
495107
495050
494989
494940
494857
494832
494767
494625
494328
494248
494229
493264
493147
492943
492942
492847
492813
492638
492621
492579
492574
492549
492429
492414
492321
492262
492173
492128
492067
491881
491853
491839
491708
491608
491539
491455
491436
491423
491283
491118
490972
490631
490609
490365
490036
490035
490024
489928
489880
489864
489819
489700
489310
488970
488824
488601
488412
488150
488012
487971
487932
487753
487750
487453
487290
487147
486935
486825
486720
486529
486507
486433
486380
486357
486330
486201
486156
485922
485790
485609
485597
485565
485481
485235
485129
485129
484647
484470
484326
484306
484230
483992
483783
483728
483579
483566
483378
483243
483187
483137
482970
482867
482851
482724
482486
482483
482460
482432
482196
481999
481670
481666
481498
481358
481159
480887
480756
480736
480716
480691
480613
480601
480507
480353
480262
480253
480236
480007
479950
479845
479757
479656
479651
479650
479458
479434
479399
479358
479295
479243
479187
478948
478854
478828
478760
478701
478411
478312
478236
478217
477998
477978
477947
477898
477755
477691
477499
477451
477358
477243
477240
477055
476971
476949
476942
476873
476653
476476
476437
476352
476336
476160
475890
475789
475782
475770
475729
475481
475166
475150
474980
474779
474621
474602
474579
474470
474455
474324
474313
474298
474293
474292
473934
473923
473845
473616
473609
473274
473132
473127
473026
472868
472811
472681
472663
472598
472576
472522
472294
472091
471984
471893
471793
471717
471571
471563
471023
470944
470856
470769
470550
470526
470327
469877
469764
469711
469551
469499
469489
469403
469078
468934
468754
468752
468751
468425
468419
468401
468388
468287
468092
468008
467920
467792
467755
467498
467474
467445
467418
467384
467335
467255
467210
467135
467089
466996
466549
465589
465553
465427
465214
465078
464901
464877
464754
464584
464470
464429
464154
464051
463826
463701
463698
463630
463470
463317
463184
463106
462879
462868
462823
462795
462765
462712
462674
462552
462477
462392
462389
462303
462273
462224
461755
461478
461357
461230
460965
460956
460888
460781
460753
460527
460396
460274
460208
460010
459842
459549
459484
459158
458800
458575
458410
458363
458329
458201
458152
457960
457825
457799
457544
457521
457296
457100
457028
456397
456255
456134
456127
456025
456003
455914
455761
455732
455691
455649
455625
455260
455015
454887
454829
454519
454341
454069
454001
453851
453675
453589
453583
453014
452957
452946
452818
452720
452624
452611
452537
452322
452252
451870
451775
451744
451617
451532
451406
451378
451024
450927
450867
450780
450614
450434
450108
450093
449740
449336
449332
448904
448897
448824
448689
448482
448168
448091
448089
447933
447870
447817
447702
447476
447471
446773
446711
446646
446401
446293
445977
445813
445619
445519
445461
445077
445077
445045
444970
444835
444809
444657
444438
444437
444165
444035
443970
443774
443729
443671
443614
443598
443546
443469
443408
443117
443107
442981
442833
442824
442654
442525
442342
442285
442203
442040
441782
441735
441688
441627
441542
441323
441277
441208
441126
441093
441003
440869
440814
440593
440537
440292
440250
440072
440054
439906
439718
439429
439214
439180
439058
438976
438727
438515
438322
438311
437898
437710
437660
437482
437382
437210
437164
437122
437075
437008
436996
436885
436642
436589
436552
436532
436430
435881
435826
435683
435630
435554
435551
435088
435006
435005
434838
434825
434652
434529
434525
434401
434346
434167
434164
434100
434042
433789
433654
433590
433579
433553
433381
433320
432924
432855
432814
432733
432627
432615
432594
432422
432238
431944
431903
431506
431385
431114
431058
430834
430717
430646
430584
430316
430075
429910
429886
429884
429798
429590
429586
429536
429353
429312
429269
429241
429226
429178
428998
428965
428905
428735
428572
428536
428471
428364
428237
428165
428159
428000
427937
427468
427428
427365
427294
427034
427024
426857
426708
426650
426467
426328
426303
426203
426195
426105
426005
425969
425815
425782
425715
425369
425290
425289
424914
424803
424304
423899
423890
423756
423600
423577
423389
423262
423226
423167
422714
422709
422305
422048
422029
421668
421480
421403
421400
421371
421270
421238
421204
421129
420866
420839
420789
420479
420279
420273
420204
420178
420134
419676
419635
419629
419434
419377
419232
419227
419145
418926
418792
418791
418493
418447
418225
418122
418026
417944
417925
417873
417850
417724
417582
417560
417323
417178
417124
416974
416865
416754
416736
416611
416369
416083
415974
415970
415949
415916
415601
415573
415324
415310
415053
414886
414794
414787
414262
414203
413979
413953
413934
413779
413397
413396
413329
413298
413124
413008
412985
412494
412439
412305
412263
412147
412090
412039
411995
411993
411657
411622
411197
410980
410483
410386
410314
410191
409853
409760
409741
409473
409379
409371
409362
409322
409298
409289
408962
408498
408486
408312
408269
408254
408129
407777
407754
407581
407356
407321
407177
406953
406841
406643
406553
406370
406300
406284
406094
406024
405945
405920
405849
405757
405729
405517
405351
405313
405305
405270
405109
404980
404945
404826
404808
404751
404573
404399
404352
404089
403820
403765
403593
403540
403279
403149
403048
402877
402693
402591
402566
402564
402349
401935
401901
401881
401748
401492
401481
401476
401426
401398
401316
401278
400782
400745
400584
400520
400324
400322
400315
400190
399988
399927
399851
399635
399582
399495
399472
399422
399374
399203
399129
399020
398973
398947
398887
398790
398484
398476
398447
398368
398157
398112
397841
397601
397556
397513
397382
397289
397191
397114
397073
396993
396969
396766
396696
396635
396623
396479
396479
396459
396441
396367
396238
396174
396123
396036
395696
395664
395608
395428
395346
395166
395020
394995
394850
394725
394648
394643
394052
393983
393962
393805
393765
393493
393380
393320
393020
392876
392833
392788
392409
392300
392260
392178
392153
391962
391628
391585
391111
390936
390908
390812
390790
390671
390392
390331
390203
390118
390029
389847
389826
389251
389231
389167
389036
388942
388709
388452
388394
388259
388189
387586
387529
387428
387330
386963
386719
386653
386623
386546
386486
386314
386276
385882
385812
385448
385448
385410
385304
385220
385094
385014
384922
384889
384705
384519
383997
383914
383717
383433
383283
383260
383130
383090
383084
383001
382774
382701
382568
382423
382379
382371
382087
381897
381750
381617
381564
381372
381353
381341
381082
381045
380908
380635
380596
380398
380283
380236
380010
379938
379722
379671
379595
379144
379044
378894
378759
378713
378523
378504
378417
378352
378323
378101
377966
377955
377812
377710
377584
377539
377138
377095
376807
376734
376424
376394
376299
375854
375790
375521
375296
375258
375254
375176
375154
374977
374799
374636
374619
374450
374246
374005
373979
373803
373773
373743
373718
373333
373258
373018
372988
372872
372771
372520
372316
372288
372184
371893
371740
371474
371414
371276
371135
371066
371058
370791
370727
370699
370624
370532
370429
369912
369668
369566
369566
369479
369445
369432
369392
369329
369095
369013
368991
368990
368746
368689
368682
368682
368565
368468
368467
368430
368127
367964
367559
367466
367321
367232
367019
366874
366867
366793
366773
366680
366631
366518
366484
366279
366250
366139
365905
365465
365462
365339
365156
365123
364885
364625
364587
364457
364417
364329
364324
364276
364141
364126
364116
363942
363721
363613
363468
363164
363022
362986
362960
362843
362779
362553
362127
361993
361669
361612
361390
361341
361248
361077
360929
360891
360543
360495
360486
360475
360267
360242
360022
359994
359994
359875
359808
359671
359574
359463
359400
359248
359034
358956
358921
358872
358797
358689
358478
358257
358151
358086
357999
357974
357803
357718
357562
357409
357286
357258
357254
357187
356997
356756
356631
356596
356558
356324
356299
356158
356048
355996
355939
355500
355377
355325
355319
355263
355109
355061
354988
354954
354901
354708
354155
353974
353909
353880
353464
353263
353201
353191
353094
353085
353075
352868
352644
352532
352360
352352
352284
352203
352044
351959
351789
351750
351576
351329
351289
351064
351004
350949
350843
350726
350603
350565
350543
350525
350223
350139
349938
349935
349897
349594
349474
349237
349211
349044
348948
348866
348836
348825
348630
348623
348453
348368
348257
348120
347926
347846
347472
347362
347126
347021
346949
346734
346540
346485
346470
346166
345921
345809
345784
345772
345625
345313
345069
344975
344967
344920
344855
344720
344605
344471
344308
344188
344178
344041
343909
343906
343894
343594
343499
343340
343068
342905
342816
342761
342706
342647
342338
342072
341798
341756
341600
341545
341416
341021
340875
340813
340699
340528
340526
340488
340452
340394
340369
340360
340145
339948
339917
339859
339711
339663
339376
339260
339258
339069
339055
338925
338869
338815
338732
338662
338298
338177
337875
337853
337658
337615
337448
337442
337185
337120
336893
336826
336656
336403
336376
336373
336245
336146
336107
335892
335813
335806
335762
335327
334958
334859
334847
334483
334282
334223
333999
333960
333732
333519
333301
332673
332614
332577
332561
332327
332176
332094
332010
331960
331910
331745
331611
331521
331054
330866
330747
330542
330441
330250
330009
329985
329957
329659
329615
329560
329558
329473
329344
329275
329242
328971
328944
328916
328589
328522
328441
328441
328350
328301
328263
327984
327969
327954
327654
327588
327581
327362
327358
327278
327218
326998
326913
326893
326832
326726
326695
326674
326426
326239
326204
326116
325740
325557
325289
325276
324994
324860
324058
323824
323716
323712
323511
323452
323386
323307
323209
323075
323054
323045
323027
322689
322654
322631
322630
322365
322264
322139
322134
321738
321580
321522
321355
321300
321273
321189
321060
321031
320972
320638
320444
320441
319990
319785
319737
319703
319695
319555
319458
319299
319290
319234
318991
318846
318764
318553
318335
318150
318138
318070
317970
317703
317685
317596
317408
317379
317243
317086
316988
316969
316967
316651
316552
316452
316161
316066
316051
316020
315969
315641
315635
315523
315331
315179
315144
315079
314852
314836
314823
314779
314605
314539
314370
314164
314070
313508
313429
313234
313210
313131
313012
312896
312721
312705
312560
312416
312132
312127
312093
311979
311783
311715
311665
311659
311610
311487
311415
311219
311126
310781
310730
310718
310578
310375
310369
310360
310241
310083
309692
309410
309399
309353
309162
309154
309119
309083
308963
308928
308759
308636
308602
308516
308465
308330
308301
308186
308119
308092
307867
307638
307636
307613
307397
307059
307001
306757
306649
306594
306544
306322
306263
306251
306201
306101
305976
305030
305008
304796
304609
304423
304414
303267
303188
303110
303069
302921
302731
302705
302685
302573
302444
302384
302118
302036
301855
301845
301687
301647
301595
301538
301084
301040
300857
300846
300797
300714
300551
300429
300317
299850
299628
299210
299126
299065
298652
298597
298534
298521
298473
298338
298228
298188
298042
298037
297908
297816
297716
297649
297554
297400
297393
297139
296818
296618
296612
296518
296439
296319
296134
295916
295635
295563
295544
295450
295406
295270
295038
295033
294915
294864
294628
294579
294385
294322
294040
293785
293771
293768
293653
293339
293209
293189
293112
293077
293065
292881
292751
292482
292472
292443
292434
292351
292318
292313
292255
292202
292197
292090
292020
291850
291772
291492
291475
291413
291359
290841
290711
290500
290414
290391
290298
290152
290129
290070
290066
289831
289715
289089
289087
289015
288899
288896
288763
288497
288479
288430
288411
288400
288366
288323
288275
288123
287888
287781
287521
287349
287087
286944
286338
286209
285756
285145
285114
285113
285083
285042
284921
284906
284852
284701
284689
284497
284484
284413
284400
284372
284318
284253
284218
284136
284119
283654
283355
283341
283277
283223
283103
282883
282872
282815
282678
282584
282562
282557
282528
282466
281870
281844
281739
281110
281087
280976
280701
280527
280424
280091
279904
279644
279601
279599
279534
279253
279131
278897
278686
278459
278334
278324
277841
277669
277565
277508
277507
277477
277298
277219
277052
276807
276685
276659
276647
276628
276476
276209
276188
275954
275892
275792
275673
275611
275506
275212
275106
274863
274823
274796
274701
274500
274461
274378
274353
274076
273837
273783
273485
273485
273066
272956
272880
272622
272516
272433
272427
272357
272194
271754
271713
271557
271101
271070
271066
270943
270778
270673
270667
270589
270447
270410
270407
270248
270135
270076
270017
269845
269805
269777
269758
269573
269540
269511
269446
269443
269336
269276
269272
268992
268907
268832
268538
268455
268385
268295
268238
268227
268124
268076
268064
268060
267764
267750
267661
267600
267357
267241
267181
266774
266697
266694
266482
266462
266385
266150
266036
265811
265690
265611
265521
265401
265297
265182
265124
265076
265007
264996
264941
264922
264782
264239
264213
263929
263909
263882
263805
263201
263200
263047
262951
262847
262703
262403
262173
261847
261654
261504
261188
261126
261046
260695
260297
260281
260143
260074
260069
259836
259598
258960
258761
258692
258609
258467
258272
258268
258224
258199
258083
257852
257349
257028
256840
256636
256561
256528
256528
256399
256271
256169
255992
255964
255822
255578
255437
255218
255052
254730
254701
254688
254550
254470
254297
254115
254063
254022
253824
253820
253790
253722
253624
253585
253509
253484
253452
253401
253210
252732
252385
252354
252323
252192
252189
252177
252125
252112
252018
251895
251846
251837
251769
251547
251469
251458
251394
251223
251014
250734
250362
250359
250271
250182
250182
250151
250090
250041
249975
249907
249772
249684
249565
249543
249477
249424
249342
249146
249133
248988
248946
248844
248830
248799
248647
248285
248068
248041
247931
247908
247843
247799
247764
247741
247481
247434
247408
247209
246752
246594
246572
246531
246464
246456
246085
245971
245915
245674
245570
245424
245185
244902
244780
244537
244192
244112
244106
244077
243906
243643
243358
242905
242897
242871
242629
242599
242289
241929
241862
241784
241642
241632
241585
241553
241469
241403
241387
241281
241266
241180
241127
240941
240749
240658
240650
240438
240335
240160
240086
239759
239543
239227
239156
239025
238634
238460
238180
238179
238163
238148
237618
237506
237495
237329
237314
237278
237078
236971
236955
236942
236455
236345
235946
235745
235659
235597
234982
234732
234299
234094
234057
234043
234036
233902
233617
233316
233291
233220
233108
233022
232623
232452
232339
232279
232256
232068
232020
231682
231586
231549
231496
231439
231091
231055
231048
231045
230770
230755
230634
230513
230306
230248
230206
230149
230047
230020
229982
229788
229696
229586
229551
229522
229247
229130
229115
229051
228944
228839
228809
228735
228429
228208
228029
227987
227954
227763
227239
227206
227006
227004
226838
226698
226601
226515
226399
226327
226288
226134
225867
225792
225260
225107
225078
225035
224949
224743
224617
224437
224155
223318
223253
223199
222510
222445
222431
222407
222370
222260
222232
221974
221906
221750
221702
221597
221547
221496
221224
221212
221057
221016
220978
220974
220871
220139
220019
219849
219818
219715
219638
219593
219590
219419
219139
219063
219034
219004
218938
218857
218683
218585
218583
218473
218424
218310
218191
218117
218011
217914
217810
217787
217731
217652
217565
217526
217506
217361
217154
216812
216780
216497
216457
216317
216289
216270
216255
216165
216098
215623
215509
215483
215442
214575
214574
214476
214451
214362
214260
214253
214182
213986
213782
213631
213351
213276
213175
212965
212733
212684
212569
212366
212317
212256
212230
212202
212131
211775
211715
211576
211465
211305
211092
210942
210861
210759
210485
210314
210259
209974
209932
209848
209815
209689
209627
209576
209448
209378
208937
208898
208829
208543
208181
208114
207975
207930
207831
207724
207246
206911
206889
206405
206334
206289
206077
206035
205994
205708
205661
205656
205413
205152
205142
205115
205095
204913
204901
204872
204860
204760
204692
204388
204169
204028
203942
203769
203619
203389
203314
203313
203096
202818
202704
202649
202412
202207
202193
202166
202054
201976
201784
201638
201492
201121
201024
200881
200524
200479
200273
200262
200130
200091
199918
199821
199742
199726
199691
199482
199325
199261
199087
199022
199008
198832
198330
198226
198139
198018
197529
197498
197478
197386
197117
196940
196666
196665
196547
196200
196139
196059
195973
195913
195877
195850
195798
195569
195529
195302
195278
195228
195100
195084
194936
194786
194526
194456
194434
194255
194195
194166
194126
193642
193556
193538
193523
193472
193452
193425
193313
193274
193252
193233
193041
193020
192976
192933
192241
192217
192037
191527
191422
191351
191099
190998
190913
190880
190830
190704
190522
190435
190300
190278
189824
189793
189318
189218
189196
189118
188987
188966
188942
188919
188504
188265
188254
187882
187850
187770
187600
187524
187420
187377
187339
187086
186857
186827
186765
186758
186748
186676
186425
186179
186105
186052
185797
185661
185618
185607
185409
185353
185242
185199
184928
184896
184742
184692
184675
184437
184240
184166
184141
184072
183954
183930
183880
183622
183487
183318
183196
183053
183011
182979
182963
182954
182665
182296
182018
181965
181889
181552
181532
181474
181369
181238
181118
180931
180845
180807
180650
180227
180178
180140
180116
180100
180062
179840
179676
179670
179663
179632
179599
179568
179550
179479
179108
178790
178281
178155
178034
177943
177580
177407
177264
177117
177003
176544
176540
176524
176464
176373
176352
176294
175913
175752
175462
175423
175406
175270
175172
175148
174907
174834
174824
174778
174659
174604
174413
174388
174124
174015
173655
173646
173438
173395
173260
173152
173112
173094
172886
172824
172691
172681
172674
172587
172530
172388
172275
172200
172171
171690
171606
171435
171249
171244
171054
171020
170771
170728
170532
170287
170133
170036
169858
169846
169512
169421
169371
169127
169113
168936
168794
168446
168444
168382
168330
168210
168201
168055
167936
167883
167843
167750
167593
167526
167442
167326
167306
167259
167238
167194
167154
167149
166979
166929
166423
166184
166008
165856
165594
165540
165476
165401
165289
165168
165159
165135
165101
164837
164734
164683
164589
164451
164446
164235
164147
164131
164096
164052
163480
163396
163376
163287
163258
162976
162808
162317
162317
162258
162087
162074
161975
161620
161578
161454
161407
160770
160681
160446
160055
159910
159893
159831
159605
159533
159240
159206
159192
159159
158948
158778
158711
158625
158547
158358
158213
158203
157960
157530
157332
157309
157201
157138
157105
157002
156889
156707
156519
156498
156436
156084
156081
155860
155585
155585
155566
155560
155423
155340
155264
155219
154846
154824
154578
154437
154243
154102
153864
153467
153406
153365
153277
153186
153128
153018
152880
152799
152573
152516
152512
152192
152042
151447
151275
150944
150915
150886
150810
150555
150523
150515
150491
150308
150022
149788
149673
149656
149569
149428
149227
149200
149072
149030
148940
148904
148835
148438
148398
148026
147983
147821
147662
147386
147347
147179
147174
146987
146966
146804
146528
146511
146409
146402
146345
145714
145298
144957
144861
144770
144734
144699
144522
144206
144183
144050
143981
143933
143925
143756
143731
143565
143379
143370
143279
143125
143122
143086
143057
143025
143004
142923
142873
142688
142564
142249
142212
142052
141924
141853
141549
141144
140832
140807
140601
140574
140567
140253
140237
140190
140008
139998
139980
139943
139931
139757
139578
139516
139293
139216
139075
139033
138973
138702
138693
138458
138145
137955
137911
137822
137554
137495
137413
137367
137302
137083
136936
136705
136336
136236
136205
136018
135784
135677
135599
135586
135584
135218
135120
135038
134868
134805
134545
134442
134335
134287
134205
134178
134154
134085
134060
134047
133938
133905
133758
133542
133456
133418
133350
133277
132893
132849
132608
132495
132446
132294
132141
132114
132091
131990
131359
131292
131172
130542
130526
130415
130327
130207
129839
129495
129339
129323
129215
128930
128888
128769
128506
128466
128366
128354
128316
128206
128130
128046
128007
127880
127750
127713
127574
127563
127258
127010
126983
126942
126741
126711
126666
126655
126613
126380
126194
126047
125362
125277
124969
124821
124758
124640
124631
124491
124402
124330
124258
124206
124169
124135
124090
123970
123773
123624
123359
123274
122995
122925
122751
122548
122536
122501
122418
122387
122288
122284
122198
122189
122174
122138
122076
121842
121814
121808
121803
121576
121414
121360
121112
121095
120908
120640
120122
119981
119944
119869
119851
119851
119706
119502
119434
119200
119064
119039
118962
118872
118606
118585
118570
118544
118485
118376
118136
118126
118087
118000
117687
117684
117314
117103
117100
116864
116799
116726
116608
116267
116218
116150
116131
116095
115859
115706
115610
115487
115476
115438
115260
115232
115187
115078
114933
114929
114883
114759
114708
114653
114621
114495
114432
114315
114175
114067
114046
114030
113915
113629
113580
113347
113325
113321
113165
112836
112658
112624
112546
112245
112210
112158
111781
111640
110853
110673
110608
110388
110315
110315
110303
110238
110230
110066
109535
109346
109285
109260
109040
108981
108960
108760
108546
108476
107933
107858
107522
107455
107168
107093
106592
106568
106550
106513
106381
106352
106329
106269
106192
106148
106121
106067
105945
105943
105811
105757
105494
105415
105353
105348
105117
105034
104767
104738
104613
104448
104387
104156
104015
103798
103785
103575
103548
103220
103045
102911
102883
102817
102796
102753
102641
102588
102566
102525
102406
102222
102187
102170
101864
101837
101664
101409
101040
100697
100468
100364
100346
100056
99925
99837
99798
99688
99625
99396
99232
98842
98839
98809
98652
98602
98594
98590
98521
98357
98337
98199
98115
98109
98014
97900
97885
97864
97310
97093
96939
96824
96756
96469
96428
96362
96259
96249
96201
96176
96158
95988
95986
95799
95548
95534
95222
95188
95162
95149
95128
95059
95025
95006
94988
94877
94818
94727
94567
94483
94330
94255
94221
94141
94116
94070
93814
93798
93754
93673
93526
93355
92868
92697
92653
92650
92602
92096
92050
91970
91902
91386
91384
91364
91340
91180
91140
90850
90746
90593
90433
90317
90117
90055
90001
89970
89962
89867
89814
89783
89663
89652
89512
89217
89065
88942
88925
88852
88752
88693
88684
88662
88656
88610
88560
88541
88539
88533
88431
88428
87979
87964
87720
87709
87562
87530
87438
87329
87121
86883
86543
86423
86196
85864
85773
85692
85504
85476
85423
85396
85000
84934
84720
84690
84685
84516
84456
84453
84325
84322
84160
84100
83837
83738
83678
83664
83359
83306
83198
83075
82961
82940
82896
82887
82569
82471
82433
82372
82363
82291
81705
81457
81244
81187
80753
80346
80339
80300
80189
80103
80082
79924
79617
79413
79062
78967
78726
78583
78503
78383
78019
77875
77819
77815
77742
77693
77668
77614
77538
77412
77393
77372
76964
76751
76567
76401
76240
76233
76179
76167
75809
75489
75021
74847
74568
74059
74054
73932
73820
73756
73665
73466
73351
73345
73268
73199
73175
72832
72504
72475
72472
72470
72467
72440
72237
72133
72117
72039
72020
71709
71508
71289
71276
71204
71103
71081
70977
70952
70939
70819
70786
70656
70374
70138
69873
69803
69688
69582
69576
69458
69066
69060
68442
68001
67939
67880
67839
67666
67655
67651
67569
67553
67537
67171
66916
66658
66475
66287
66189
66162
66158
66058
65981
65784
65655
65385
65245
65224
65155
65046
65015
64571
64352
64233
63857
63626
63569
63545
63369
63174
63165
63154
63012
62893
62770
62630
62530
62386
62348
62141
62005
61827
61682
61621
61586
61546
61533
61448
61411
61405
61085
61045
60925
60913
60818
60804
60643
60605
60596
60554
60389
60311
60248
60190
60176
60076
60039
60001
59904
59895
59741
59740
59735
59731
59593
59443
59441
59226
59192
59186
59119
59089
58964
58811
58716
58672
58664
58179
57951
57644
57585
57421
57327
57179
57066
56722
56530
56450
56152
55949
55877
55706
55685
55429
55364
55346
55326
55307
55257
55194
54404
54131
54083
53868
53855
53748
53531
53408
53402
53320
53215
53180
52795
52699
52674
52619
52423
52076
51636
51607
51238
51193
51119
50848
50783
50749
50447
50390
50319
50279
50259
50160
50105
49976
49837
49709
49660
49540
49515
49262
49206
49158
49041
48934
48591
48576
48306
48265
47944
47873
47809
47695
47664
47525
47518
47469
47347
47169
47014
46886
46810
46749
46707
46573
46148
46110
46051
45990
45919
45842
45614
45519
45500
45396
45104
45043
44997
44982
44975
44632
44499
44374
44320
44276
44063
43967
43539
43516
43446
43212
42876
42794
42571
42409
42384
42327
42208
41965
41885
41868
41809
41722
41486
41429
41340
41208
41196
41151
40725
40557
40517
40286
39566
39373
39202
39187
39030
38942
38583
38444
38209
37875
37755
37669
37470
37467
37113
36946
36887
36855
36503
36223
36163
36080
36064
35919
35906
35786
35691
35648
35364
35337
35231
35027
34704
34594
34529
34229
34216
34138
33843
33657
33498
33386
33289
33201
33169
33161
33108
32927
32653
32576
32401
32379
32203
32138
32136
31999
31907
31891
31824
31729
31722
31661
31573
31459
31394
31266
31239
31184
30916
30834
30793
30782
30733
30676
30620
30468
30310
30308
30204
30180
30129
30097
30069
30064
30002
29973
29913
29833
29774
29403
29343
29217
29159
29100
29094
29047
29022
28685
28511
28379
28327
28270
28161
27951
27930
27809
27687
27525
27328
27208
27161
27053
26933
26847
26808
26804
26775
26551
26326
26317
26242
26239
26193
26187
26064
25995
25923
25883
25709
25704
25659
25616
25449
25389
25280
25273
25163
25128
25122
25089
24863
24832
24663
24613
24438
24315
24247
23800
23665
23486
23338
23272
23252
23184
23167
23133
23127
23002
22831
22760
22687
22569
22447
22276
21756
21735
21721
21410
21289
20915
20871
20869
20660
20560
20504
20067
20018
19752
19462
19426
19207
19174
19153
18818
18583
18573
18414
18323
18314
18122
18097
17834
17789
17663
17139
17024
16942
16894
16721
16562
16460
16270
16112
15585
15576
15463
15431
15397
15284
15190
15187
15043
14990
14782
14748
14670
14624
14543
14371
14327
13784
13708
13438
13393
13391
13368
13358
13332
13278
13201
13095
12784
12702
12650
12628
12590
12585
12584
12331
12272
12255
12199
11885
11816
11286
11250
11150
10951
10271
10240
10216
10188
10143
9971
9942
9893
9859
9759
9655
9652
9648
9626
9498
9481
9475
9335
9290
9147
9026
8826
8742
8739
8607
8457
8249
7741
7738
7689
7635
7606
7601
7510
7401
7347
6981
6896
6811
6637
6630
6628
6263
6249
6190
6084
5967
5767
5566
5509
5273
5225
5167
4981
4908
4794
4547
4533
4398
4225
4207
3945
3639
3538
3454
3416
3283
3150
3057
3054
2989
2768
2673
2597
2551
2547
1838
1736
1472
1391
1160
1004
897
828
780
730
558
522
450
281