246154
49798
799409
907923
91106
197304
357646
104056
467466
452668
269024
174523
527985
2785
21658
883719
563387
504753
57928
256703
361467
540735
644050
466692
109836
269969
695907
233878
95741
799859
422092
108117
322131
221910
511906
592480
15108
334208
564770
234292
566638
334585
636134
972758
748256
428168
105559
401477
777156
634127
995780
991291
705800
115791
259248
594415
976559
209961
387817
767024
176941
595250
476783
799427
63049
712322
236846
667588
503810
49615
411806
432638
727819
337834
476750
79085
450739
506292
566969
714751
561267
961646
551125
388739
655972
15080
661246
478035
798519
339809
953750
731547
904703
667405
121500
107752
390575
599369
772576
693898
862667
246841
933808
137639
287755
754087
8455
623176
564881
377659
54023
238263
823847
769423
627415
764610
168401
539795
975282
468995
539153
962700
672329
327297
545080
928755
714367
289261
921503
635632
515930
762935
164600
879194
762677
646025
601738
216871
59555
461887
668999
164380
867975
118741
228889
144
865554
169549
150274
976674
133546
961276
323855
546529
974145
130206
283651
338497
615725
325036
928586
515138
441299
475799
178478
427182
535888
10704
302339
926728
758488
313836
218192
930408
805293
643588
356278
9330
471965
956174
543325
620741
942855
482159
48635
971805
11636
90349
627129
27412
204990
624753
609413
40017
798702
637557
510844
754792
591660
405964
914352
786303
868687
622576
745056
952721
332561
659503
721736
532265
644817
46420
941757
101761
689468
629781
327448
848014
154896
567355
822385
834742
461896
636855
834241
203567
819093
341436
799296
953540
934875
498507
117067
14720
64544
940520
485873
164268
448455
392046
109958
993122
544575
877751
919493
457806
483167
360208
779915
660113
72624
569146
208981
544710
406670
40876
108591
252154
492730
109197
29857
610935
789106
212844
474128
49328
946577
951895
276098
958135
272919
210038
559439
282812
460993
730276
57334
747238
287464
851052
813939
875946
792988
168818
469155
129963
702503
404021
561512
634799
638965
334762
494012
379260
670053
326771
596684
449766
489293
640333
368948
188720
299379
131647
703372
411872
573223
611448
405233
931276
509890
65844
396507
892373
596488
383599
782783
889788
225837
700158
516409
221161
415618
297964
756284
47501
876365
459735
370645
636486
331556
324319
49341
244093
272352
535529
900400
131049
577713
189282
943996
176467
792045
363365
591801
494724
846768
841180
1718
836015
198667
306970
384887
902732
502045
263968
690812
945061
597829
362939
59919
610753
984923
216974
355583
763859
750121
944983
522535
247069
149898
439310
671901
472788
272556
756515
465301
686583
354173
277578
890325
600817
77396
56638
646477
345439
721125
849355
714159
942940
895395
121907
159475
569134
63534
269306
668083
602072
923343
584474
312326
698436
479503
591984
465871
974667
280826
412001
397
992340
779730
276555
457010
475590
338713
786539
127490
327425
117657
375136
110955
245616
314194
756139
408102
105586
879743
572993
720827
638918
311099
123877
708164
316446
872699
307723
965170
765751
648620
133354
445861
392616
112314
398285
865604
681532
353609
833020
217650
396489
960854
815079
470421
677756
619582
10188
648770
492943
674517
499792
538841
650295
400044
102421
219480
348273
946041
899497
349273
610082
136565
159824
721143
439547
984760
242221
957009
478081
77054
887785
866883
109933
345054
492763
423661
998868
669583
676470
624142
190680
841170
701950
657040
109375
221112
444213
404898
178300
62359
940615
695165
277661
777418
600845
549193
283839
36049
747050
426423
205007
971317
127515
87505
548105
294114
698953
688785
390346
911552
558301
54127
268242
747157
671649
44137
253807
834911
2881
330142
626135
613691
556824
710967
42674
2116
710527
957629
381114
161824
643588
906048
912995
889680
915259
844154
470254
570797
831281
390651
82741
425600
823861
287667
823229
933308
83017
914010
994434
323538
359569
570512
770839
139606
756285
974545
503700
831438
149650
115656
415608
719441
175471
142181
596367
895045
475702
385107
260235
13253
550465
634748
134536
139895
93499
600341
989250
477822
690402
12641
404992
818746
430739
580070
132486
792851
738244
238405
482358
904608
434365
107864
252405
817899
317118
366838
230857
86392
283609
824380
138050
65511
899578
225271
669412
710627
956247
422123
563641
748464
415921
431118
70368
324751
267997
164860
105641
976156
65994
892437
132869
777891
391353
660960
22941
894992
289501
194275
887163
859594
467357
974373
763256
874011
345996
615035
428428
831748
974604
336192
148761
446299
283714
189772
369463
24828
595351
440118
895199
78502
991657
233861
396655
543946
430299
407354
644402
725029
981064
728688
155590
555157
161099
913330
43497
120663
49277
9997
393744
601276
764499
625764
433454
169260
381720
417595
700175
717614
846006
279684
519689
78791
352149
760447
942293
801588
403668
343673
343573
94161
831127
280184
102971
857442
964080
906108
377726
342228
85054
680737
240033
515020
138701
242282
951629
331313
994250
474998
888356
191267
86894
851372
112839
96046
9682
609909
727763
675634
408585
352703
707865
529237
750357
379729
173378
873162
620604
522823
656938
744079
763121
269489
133911
893490
556717
874198
301955
168739
972769
240211
756424
813123
401197
408440
471850
679218
732176
458896
924616
533860
321070
873128
727540
576575
742930
356946
27291
376705
972367
539262
276438
748769
248287
360244
534252
716481
937406
120417
157907
800306
443465
922055
149621
879151
984851
764171
939656
299421
626583
163281
705473
413189
938308
172734
232012
274553
486450
249049
955949
667118
531337
681172
27377
719122
503906
883853
125706
915499
858188
439281
606289
476857
433758
266418
904528
813856
249066
270862
203083
76185
768511
660649
946594
399665
893308
232352
121349
964639
623924
994592
533856
559561
897914
284650
139234
674380
120606
128539
5698
349910
182141
159611
354941
251681
100877
766255
128952
983202
463043
404557
396072
547253
681444
818534
800493
49932
722273
385125
246149
481429
295386
725033
403875
929508
669790
955418
79712
188628
863805
315286
22967
839719
556902
42445
850761
489778
618135
811161
381116
107644
287844
634693
124172
520334
162042
966929
441601
41412
449535
77615
131428
517669
722754
616488
443842
357033
145360
706263
95528
716705
353873
159102
1833
598733
547813
887054
681377
941387
537174
91186
831088
810501
77141
49156
938886
890918
764069
906533
654647
252784
877554
836291
904345
296559
711308
760711
491514
8252
710431
969838
754634
439438
972270
885643
904933
592603
815660
289604
618392
73836
257160
822500
922338
552093
179046
484258
39983
232715
147683
225627
554999
240833
332879
24503
20986
119252
493945
697201
391663
660674
355635
652714
508451
417352
569884
124015
118720
526491
699542
828549
978283
526375
73181
985003
548911
617153
729899
365550
974486
110969
811785
393259
86033
536503
777261
140759
796566
393079
207679
465776
416696
60831
569144
158314
543311
130498
931012
703602
313898
67643
798355
511105
369857
622673
213829
365054
489397
602038
396824
514831
575891
926303
36012
321311
873176
302912
267626
53005
159385
444453
483366
802566
457236
361069
40711
838778
168475
124676
451831
601650
877665
587108
708273
804644
659242
922821
297377
247850
123053
708002
400245
393384
838327
713338
899646
720455
697686
174350
294668
286975
548250
199584
653444
168021
902545
359282
216476
874937
79607
932561
482821
628474
253384
94084
192464
601811
291558
519333
583597
829907
884227
134109
613575
680094
402798
456155
616204
748258
751202
689859
660233
920448
952269
519754
8938
367855
730971
488018
131852
965292
673694
339151
24721
788879
914627
374057
74783
178221
566989
472964
735696
648137
800999
204789
461072
553164
864714
40655
169476
135956
224607
597869
628712
326383
202493
946243
717689
600411
618986
126042
339665
245702
332402
963945
549359
84057
275275
812891
68986
85852
69204
25811
260176
195998
819395
20179
491862
736787
799599
419446
720929
93459
708730
884570
427397
895445
445798
586957
784868
738855
500183
617804
337905
929750
327059
71645
167348
893010
771858
14849
398698
19823
496975
662782
167309
230392
406893
822976
337348
471524
318254
320113
295311
409342
480727
296549
951408
876840
802627
623627
425101
338666
425176
781930
332092
117313
314756
987876
106620
142272
872180
422720
117267
535183
410280
1767
563619
161112
463286
473622
187514
655075
445971
321125
882439
520924
679186
117913
482474
450168
984547
272489
917335
471108
175947
45488
9266
2345
592191
488138
563045
923423
637493
557632
443966
898424
704342
225895
829604
580404
640626
16845
833262
72522
928109
10221
825721
746740
345741
946035
229599
420579
257622
655630
764907
348865
181322
411054
454274
718345
655884
519668
290740
921955
963933
309816
164047
879458
576816
123705
455258
72126
573153
84246
12512
430446
254129
539374
877581
236504
700501
237131
182219
361964
973589
51777
400272
943630
664128
956600
386662
319626
31338
977507
793972
155852
921411
106214
954472
452098
892133
334711
573643
458952
76411
510495
121440
729963
623647
228352
867419
874305
387007
1425
506607
355992
536069
714865
756134
795513
56195
136457
500551
382822
468411
645977
814965
313633
288947
971761
754683
6603
392529
249172
157735
120617
701591
931534
655000
957184
981020
869481
613249
18588
522612
496891
833916
519230
741024
527035
244826
793280
690306
605429
956307
74542
780077
6602
587614
241380
128992
735151
1171
223178
841486
982366
968964
764765
824995
23461
123788
592645
457314
413348
284738
176112
628467
239883
481102
332936
437709
318376
66119
934299
636947
708960
926124
665330
173773
163795
154541
359345
816939
87241
437306
764169
385212
650416
40783
622562
666528
311684
497906
992742
220189
754626
59770
611692
782655
790824
749684
406963
118815
907304
900391
54810
279106
466704
411522
522786
539731
754498
593805
668563
104642
366877
1749
255505
475149
316584
48415
786121
298233
172967
295161
378644
910813
671571
552806
333787
573459
150681
785769
982279
914953
366251
51360
141454
812492
555862
756585
712745
142072
777402
871550
133499
330910
5735
524707
84972
695485
4674
662188
528158
142804
378945
843837
425
780621
707008
6416
519031
252681
993687
108834
468393
361278
549433
686305
222814
906431
26313
209036
105042
811875
139121
109822
44861
745614
529876
518047
304538
946468
697293
961854
199192
680234
58202
433005
355411
196670
375803
566624
969216
604278
288583
240620
984238
947319
639681
735079
796938
46417
829547
87786
160090
888452
593122
88174
187596
172416
307830
224026
311122
274872
95979
286120
723395
17942
946858
959160
584524
69272
208604
619787
2108
400395
915312
705177
902194
307627
719965
100807
347328
173744
467395
524380
265794
308321
283247
530609
393119
663025
463515
762251
79818
173634
968402
807693
13827
449935
751522
163431
634785
792145
535285
362072
221846
691658
645416
60327
644066
667036
238458
689634
736430
271947
207750
924739
248345
84649
641254
789296
907836
438011
104376
304835
957900
486249
561264
613376
18844
853370
603819
33193
165336
173683
982819
202947
580911
760342
140585
370423
47961
798483
922725
539611
647977
764932
441214
257359
547826
736559
543813
739009
285026
597223
580617
358926
198787
404586
868952
415789
43813
266165
604545
783240
162305
187016
344623
940874
991766
598087
390225
135702
111655
255378
509202
950047
772968
920846
673644
553730
350064
473575
619640
955757
987192
502890
26669
102539
636973
106874
378349
837649
10176
126270
645964
98382
170898
333963
584919
425954
924546
869140
977449
98069
240129
83595
380934
249923
586585
688064
230488
244659
455052
501279
489245
15573
283368
608695
831469
459683
590848
630666
774054
189465
998816
678204
603029
775718
492193
663892
456963
299999
170971
851969
48349
649124
192148
496279
733662
209160
367303
970396
314556
700740
510817
588039
955069
548703
763562
393922
954294
864474
326596
257936
11508
21147
391964
646031
981621
45052
635957
620575
99620
787292
268446
345787
987573
133315
640240
195366
845042
903209
947727
868251
9162
407608
298868
750584
306921
603284
238192
947310
736812
528041
311104
75339
672046
54213
972098
110339
369076
18165
524533
734841
777252
935590
885113
713956
239134
108229
560886
225533
923855
843708
84049
875730
732099
381811
545885
156140
168856
202541
704962
620859
415390
70769
749069
997716
905379
10652
405998
689231
630699
338299
740439
446537
166203
99176
137098
313219
593680
478522
290224
441564
665484
531745
492621
479721
741118
783525
492840
276316
1000
99920
760820
649626
703409
503227
962044
930150
656387
534027
517933
46087
262494
850862
233381
795254
411998
285495
100006
694081
675195
253229
845659
790438
570399
596471
453810
258270
834246
991238
687320
618688
801684
502661
120598
820587
589255
124739
858660
600294
584457
439397
517085
794634
894940
486430
768267
334827
914670
841861
79862
883209
92156
661222
723960
936040
996214
134920
301705
762038
25659
814917
71061
701669
802203
457898
388933
667960
430631
332307
580426
559666
529571
111760
244671
736298
664888
209224
701747
272534
55833
682247
411461
904784
511166
249293
465534
691571
514329
133667
219667
661323
147567
277116
353382
672826
495318
406344
999055
315297
594426
112133
105551
91531
416362
362292
810721
168335
315106
980721
528254
425962
168663
31147
87869
98007
936639
639772
107
648688
869839
168120
845006
692339
817772
108773
690639
230323
221048
93422
651095
267491
834310
36294
265026
892088
697039
939575
141829
805498
576466
859804
456253
796583
934940
525268
769990
888796
559489
109144
721177
156905
662416
902339
931708
407428
341183
273022
178216
846202
823786
826993
574929
202571
684116
29468
97149
485924
280319
486513
535606
713769
565528
873369
874867
476562
978815
172976
849354
866536
357659
683694
158146
478515
772482
61107
265573
23047
137231
223771
267806
29051
371116
763208
563345
311729
39860
106269
289797
468731
299572
776004
923186
257936
869047
404421
495953
779358
552978
286034
898325
854973
383853
20797
808759
882686
611556
763009
742380
260807
990708
906829
789806
229915
233992
268761
74246
186666
81588
952962
702844
399318
847437
391142
159155
943181
887501
192188
620237
203121
112764
193483
518285
720846
84646
908483
574366
221199
401190
584355
210083
809085
640023
821824
326008
260489
241568
852013
298003
241595
129985
312400
389424
683022
631023
252690
260071
469256
73338
149614
790052
440429
355419
644322
604064
888791
174064
676144
609753
876349
852258
667578
690486
512462
325069
305507
549159
499394
760342
924095
89173
3376
725884
99267
304743
750667
797610
286487
584394
574047
2022
155618
758701
922023
764507
295617
953440
179553
240653
668150
630635
38290
367158
454743
705323
571925
448904
392115
546010
867599
552039
898737
704003
839113
964155
533823
96661
861759
213376
943369
420346
718709
803729
458521
875487
200738
212875
649639
614213
905826
646542
510062
6178
315119
964250
591093
601751
791074
344585
601070
742577
910302
516513
321842
1857
829450
795628
650322
895257
684987
987242
720271
346883
264721
100906
841074
388611
145599
895782
854128
48534
862631
51791
153943
573776
590925
966001
253601
535196
271661
495060
801490
566234
11541
328202
602883
185415
655152
60549
598156
744540
269419
323406
664944
494534
492418
94254
809634
493545
5890
506873
682672
779371
350786
731874
522931
543187
526155
443112
554348
670739
239377
567271
335577
733896
938546
550393
854418
310491
984570
384130
594417
729631
261120
662067
164240
904018
633977
970773
212631
918979
976701
708027
636846
122849
330200
620620
680953
229731
839369
29522
885656
310236
937451
168483
349116
378430
549198
488633
84784
165044
578368
317412
879382
999096
888651
849558
560686
728369
526444
320611
326595
814812
725982
213953
446358
530447
147496
28681
679610
270998
681228
322012
972891
769908
150483
787687
708669
186501
652103
219345
930467
365969
657848
474406
29596
379467
213763
208755
972194
435333
741430
499650
700860
445686
585300
975333
636059
155472
897291
916832
670741
636634
207745
733784
764446
433778
590055
432805
512943
674265
550441
153756
146676
134038
320379
56315
874013
385333
356308
696414
622933
244489
402641
629722
589636
985656
599248
994793
344300
321604
647924
795528
727620
72851
590789
281940
17232
261392
671885
736496
496273
661874
630228
997086
834888
513423
203158
159819
676538
602985
487133
662514
747213
50279
246222
315789
888901
884392
766466
439196
360149
181597
398211
878208
424324
614433
769374
395911
64158
977108
147124
254408
318555
21658
390878
499098
52115
810446
692572
236626
687802
517569
677811
445740
229948
939441
311855
831390
989325
987657
103192
996856
526271
778010
775687
693009
481767
633662
996103
754620
376987
877518
637742
171733
899730
850678
318097
218108
952491
692644
445399
958909
374350
6667
191538
700035
228236
593200
919028
695084
23747
662104
88505
127
417086
561706
843570
910680
283448
53271
547397
553532
775832
654960
402090
90758
624633
757557
226923
585067
203279
512421
366720
997992
50108
320370
613468
780900
105554
25455
532434
330461
179682
929590
287312
140837
742249
746032
310530
314296
343275
313237
68249
798669
824934
603464
188407
298688
349364
934749
698702
939284
218096
52334
341626
498287
693751
143181
665608
508133
658925
238416
816319
243295
264857
968351
365563
115713
440391
201068
967046
671941
89299
980011
100081
902811
375063
226800
787722
364142
329957
399712
638389
557913
26315
233559
787762
856456
765267
859020
209317
98167
597802
102585
648482
272050
303132
76720
27993
34616
362074
679276
17445
720794
37035
556905
140224
527931
281622
911159
146101
774240
341375
490103
18596
230902
821626
534347
506281
947513
969551
291902
568165
638650
971885
763213
585908
213571
877831
53196
926857
64289
622798
937783
489198
753520
305909
830051
836894
308497
171568
993324
619987
621271
100231
802732
318651
547184
918007
857171
252055
536843
833379
83304
978181
415722
735426
225047
204209
438640
307136
519318
258621
130035
127746
341761
985355
458834
255487
430884
524940
38522
827928
663899
668268
396230
561149
451249
142770
544106
479325
224295
351069
601785
589370
10225
15713
361352
941828
515338
129803
830135
858415
38274
183748
227737
139388
575459
108085
745534
173415
110207
989065
647899
180897
123057
708076
583703
871127
433949
480821
810584
18135
743068
450266
966410
478139
287890
574100
379744
667358
346945
528731
618879
699511
36603
256762
663013
696730
708150
860034
475765
872507
309586
648073
800957
728849
346854
233233
470805
762239
228287
455690
223491
113556
581842
222039
395047
411278
70306
690244
239302
912558
307948
618912
207845
893097
706432
112565
912778
892338
725018
82631
631261
555649
158157
568452
380895
115511
781982
596945
485255
593994
46494
11829
997265
177299
901228
708859
522312
843230
102318
204377
308270
991118
566624
164390
84087
691545
912514
892315
564943
326923
930250
80001
625050
427217
705785
735557
197982
860667
258428
129027
560373
189849
121766
94121
218054
722415
856074
496304
73425
289657
162033
785997
10481
291864
285391
289681
408093
135888
606554
365885
601805
299016
568960
336450
429373
781085
506150
242107
15558
668052
721850
440309
337683
363097
246944
351916
893503
434171
29627
204996
406020
970630
319160
616747
503327
277907
471133
342547
405228
106259
620325
605334
703247
153187
668875
679243
224628
136729
426088
460886
978025
670177
808663
133569
22547
354058
486610
819207
624635
894200
214913
525187
340289
594970
950733
506459
985820
418028
107465
420888
200054
580917
257262
172080
755606
621521
152550
94214
799662
967109
862241
848457
51567
99411
978005
674415
206043
208495
546303
632836
841085
263346
987967
636656
889665
455099
954221
34692
593156
99196
629091
348860
16588
443471
86831
977168
126890
785147
257838
250721
755218
361341
736777
713721
188161
291488
385736
154778
477917
811012
151067
268348
459280
42233
299608
804638
757192
358088
80126
836733
311144
353656
242617
496597
269506
617456
116167
898009
808014
92900
637089
656050
111461
301376
586079
419624
808543
314024
506612
412706
419328
942073
114747
103847
379502
762889
417129
718794
172446
62585
225939
84363
403645
189593
484679
790952
576023
196313
771492
371366
120648
546219
83055
203803
556350
166945
175593
389158
995387
319918
702714
608051
582431
249663
135832
127334
768939
674855
85832
700332
478613
821487
104368
502827
169180
99272
579250
251375
194567
411838
21483
271000
435862
851610
22719
571353
885302
946927
128005
151765
772454
92608
255780
717858
792545
601886
50411
253787
908253
327150
247152
807805
940086
275872
98932
912081
232432
729711
968775
326606
156289
922163
764132
531662
815435
341692
643707
887336
720643
705881
375600
305482
560451
364784
690437
841368
771879
254494
457704
584839
712010
305138
352275
370343
291294
877254
970494
578997
621281
704650
22765
991215
336633
727338
587215
33801
944969
287963
491481
238381
940789
259721
191745
24625
101795
345900
257543
755453
216680
135639
67213
134498
92710
669494
549841
238362
587665
17266
706884
192494
375746
661767
273135
368127
42330
454549
838762
355913
414956
797167
267656
692739
446048
375472
122715
763256
851630
381709
763341
51500
159270
731662
643975
325906
819269
817083
305295
145976
328201
157300
129515
260071
234756
933497
847385
330209
178851
319864
723951
404121
137740
815264
932241
24037
388084
636002
21610
662200
406793
361562
344760
67075
267982
240246
826926
439726
858810
11238
299023
815543
641030
713189
537527
494082
724176
80374
599252
183597
568823
687075
480204
338043
626805
808617
249942
818870
871912
939357
704373
38380
65404
558544
92337
783975
913887
768404
155895
857287
769498
691723
391917
570141
698769
491296
777326
243647
440873
749323
894851
85820
844936
209517
891028
24370
924258
549299
108448
534327
96990
79615
966753
415990
692744
734011
740607
35460
690303
880827
313931
294341
685163
905365
787886
876359
177399
537668
678998
819826
244906
430838
186446
258230
44725
412026
540688
107190
646926
127353
130314
115195
747145
900597
223343
704790
279440
310951
612557
205056
400077
177784
494290
320157
546375
624383
743088
502442
666049
934395
879013
619266
475219
523478
301740
480956
704973
668778
248279
998852
779686
6511
405210
530561
262901
809261
335341
858905
736614
149017
512274
988778
185711
639118
792098
903249
158031
472821
602210
362418
999542
232828
681949
700835
986502
753413
472835
114421
480714
887893
249300
108
507786
136880
127536
102459
952083
113585
901641
630255
374010
565461
681802
888210
646652
44782
663048
11250
458824
659311
981660
833526
132342
838434
523398
933
760841
893370
460081
429808
844500
821345
168316
944398
288710
468071
243252
321118
320395
19560
973473
345213
98733
816667
750222
705094
675340
364059
666674
976576
421905
14449
221788
273976
938058
579392
190673
500888
489377
10387
639087
809861
691384
621791
373894
256416
436448
888472
302145
868839
231627
790123
380569
624824
690800
756452
404554
52335
963095
608862
824
471266
99570
56234
628539
985202
186616
350730
517347
867312
625945
316613
135233
909857
628334
908063
712051
148811
664736
288855
62100
325777
73099
778795
347715
175688
654894
853770
740798
582396
6801
888414
197812
941953
591191
304966
757658
147918
419866
605598
791533
691359
491522
989709
542674
173611
182806
442113
654097
199166
400823
482083
39222
188155
722359
900073
441
278239
61189
895556
874065
566035
593992
685076
929766
312485
13017
254366
856133
31209
191827
747808
250224
680636
991177
310131
800852
489520
122688
241053
470374
60656
345353
831369
793423
535832
119822
605615
233971
868322
968768
944557
491925
587519
152676
736720
721688
722962
161020
974012
357562
59993
239185
547346
219929
917746
639896
760239
765827
961898
778624
527740
373357
320269
165132
91359
714469
537762
21890
747025
478733
479228
730710
875045
971846
979658
718395
641189
182223
274782
286326
862008
900714
369671
33469
646302
982117
785640
739228
562075
151853
169546
110696
854237
638737
747959
72472
844203
477281
721060
239500
569450
826454
674737
367881
866663
645783
374926
790666
470955
98296
701633
571876
430449
979342
148901
337942
713889
303211
549126
76717
406258
812051
449854
179928
317337
374661
837957
999118
711201
748072
973305
910324
430114
93562
280546
468654
608131
926902
292499
737035
383234
725874
735972
283267
954784
537612
56300
699650
217700
120402
332324
20485
634438
116443
221446
723240
22966
824623
410194
418489
601834
491098
70403
944253
111711
16907
767787
154821
575791
496036
50273
229283
150733
952459
114601
736833
63469
884404
582004
469766
69920
191212
499681
557279
454999
843085
30540
939195
33968
910360
923343
22073
374558
378028
559361
684757
120581
271004
821084
332826
251113
50071
184789
321769
726518
958624
35726
315196
91062
374151
684492
557755
487664
735690
314074
266873
737903
931287
685594
572297
218270
189346
247592
471251
222138
898918
256981
622524
224925
329101
645582
43953
165056
881262
89479
485752
505072
470332
521108
184629
170880
73761
488106
830406
105320
348767
480580
420780
159154
656009
546228
180346
855529
719307
827076
910236
774515
717256
7314
468021
961613
637442
717112
394055
628622
299038
975268
771800
976885
185121
213263
713570
919871
571691
170772
878632
852036
342685
65129
824644
51348
416528
146011
26007
151950
948642
49735
702917
279713
511065
351832
675750
591318
739196
577949
982878
765892
504991
942247
115732
383035
12744
234462
222500
197388
86859
66575
812435
145107
240691
865698
647874
837700
191248
306242
721407
12577
526118
228489
679767
20519
847812
71085
748527
775182
444610
639339
685133
850685
57447
569492
720749
570161
303874
105326
643816
396294
986332
500874
915763
824846
807723
291158
189969
807881
991061
12685
407433
269547
572039
640119
911183
556462
437923
601374
261733
186193
985639
400898
109424
715005
166132
539320
647450
805810
121976
42949
141695
643599
853732
41643
536458
852080
647058
781833
101406
378415
212015
461343
760665
374698
822641
766086
459264
22819
925432
6359
641992
689013
583761
797290
751260
929051
679547
640030
860537
725704
832302
562253
865836
777051
209783
477217
429943
182762
884991
79345
293900
698627
321898
632616
481685
66901
258725
82401
125252
465191
83146
694951
819614
793267
19538
649402
977841
313000
491251
886070
1160
588574
533996
635267
134526
469185
843774
773981
439420
581008
212882
249424
731262
111659
451757
954056
303479
798906
623177
314698
745088
573278
309649
425439
849554
177124
61405
823836
419747
558659
95953
851990
209071
694603
220858
234336
760456
705738
583680
479864
345301
324734
507780
503910
716023
390138
290853
730552
246997
945682
923977
276297
999126
840401
715723
772120
237485
259612
887266
490215
7521
886918
678107
806946
779014
701376
838124
862408
101432
819582
901061
944836
953115
817001
578210
379663
463169
476026
122221
844522
852782
503200
721845
569581
950612
211330
179956
629275
716134
446768
812439
378913
57979
272349
980304
963413
221561
386422
642428
630973
354267
404817
742087
704980
318104
337221
952824
962903
92391
739922
157725
464109
63825
109819
353786
690059
584682
890235
75306
86962
950972
856447
394484
928275
18313
25755
152726
148756
841854
973487
159048
344574
885685
283991
84736
647186
786015
160309
327349
491636
459349
532330
883640
16502
264142
164968
846655
990426
938331
695779
43020
847094
134741
180386
482241
729168
80875
657218
990741
972831
629847
635115
725262
529999
648615
70807
199923
609490
842936
603376
295768
397559
711643
149272
513609
473333
640310
763063
702966
961394
198449
377298
239289
305284
69300
952339
202520
693606
342523
316619
320833
908647
176550
535192
909212
291534
806637
879043
510398
40025
88951
25756
21087
787415
868812
30931
501486
701624
550651
412139
379218
197812
172464
698729
598646
964786
996243
632089
146499
120008
7821
477849
87587
689980
584579
14782