578611
952170
844137
815831
601761
667667
349498
156526
235938
713324
303529
812899
558827
502908
958692
832457
112099
716334
28953
180953
66879
709554
844183
957648
27257
439462
359247
625372
554782
403167
134881
603395
654292
896465
669378
846794
283764
626569
261545
180096
301391
828637
563249
678344
462147
740162
621500
167161
835894
689509
943800
28945
910327
621809
514417
714958
403090
292942
916665
831897
36221
189394
370125
453750
209515
708433
628852
765570
908187
307951
544430
383191
405529
215326
165201
747355
345556
660679
43221
801677
200677
31182
705326
734883
324155
928478
968241
46845
429766
625744
662106
889397
946740
40035
627153
425439
472441
52646
165797
588116
972506
722977
743483
135926
40462
911025
449303
825278
313632
47025
408590
944975
87194
699646
144385
81156
557356
568002
564241
341165
760809
290979
415916
848866
114835
851960
151997
121593
920697
262171
563455
766936
242761
872437
785746
883070
548471
584152
150722
165796
713720
722215
382995
42843
986654
794193
391706
903794
891409
514706
118210
402226
358218
326296
676281
658534
560276
630374
885037
528941
747163
878651
203522
850692
862588
103707
445374
424442
486830
120429
28536
448810
87149
134741
116668
297714
202095
780810
257537
10258
562216
213594
392268
775989
675457
188641
865561
829875
398036
983567
558265
428411
589337
810359
446257
599261
972061
618258
935483
84302
64123
231179
727405
785154
736047
45174
547728
598431
284875
42805
933435
4103
613783
139069
377516
743038
378098
308621
697016
340482
702350
320488
426494
394112
497983
900389
860254
167263
819492
886281
168246
127656
625130
174427
273292
233827
320660
889543
982568
488759
268365
72375
89715
757924
121538
2087
722029
238134
349489
679799
935374
944540
62547
197473
619255
27624
89919
552875
336897
444661
632757
204132
904380
263325
126463
321853
783880
606409
814972
884614
486350
980707
928451
996221
75261
534751
892400
437052
520357
348122
203807
634482
599909
775313
778393
482494
624999
825401
581395
935669
220728
218420
344531
528865
726373
879858
102931
685536
706661
189427
281076
505118
337626
75606
128212
198169
784629
447722
502716
18993
46252
470238
257748
259972
447430
131035
287826
21730
843659
203582
287724
960100
756959
97688
953454
972897
604604
834192
946316
668303
393209
817819
91871
729584
381983
674350
858081
464742
359288
227028
384730
340044
198438
62457
337987
219860
987501
976806
582892
68285
325810
820592
460637
882168
718952
297993
558092
621989
772455
533410
752012
156806
395309
903785
886420
795091
913515
169211
929173
813327
538508
251574
553269
615991
52885
394299
199328
705584
104021
336754
159200
995762
396624
654313
170771
186124
824611
181942
890640
235855
530344
618357
441800
699891
396512
98655
328015
501925
457123
37435
828227
415127
786921
980541
19543
513904
858200
469991
551209
27188
238089
614951
223200
605590
734287
380648
411403
162967
552900
410924
906389
523470
270347
812818
818071
201692
162002
556255
266076
132395
701450
535918
192261
830767
635264
266188
860653
777915
832427
217204
741184
202352
546742
708430
127773
7816
65353
524708
64349
380446
420880
210880
11689
164128
494611
61521
381811
244294
390992
218813
966411
924112
940588
540265
674768
173197
986794
288267
335075
827375
656108
10687
387241
113689
7220
140759
702650
897048
485726
93017
548684
84706
93413
292892
882982
935202
156701
850489
364748
826849
695292
959162
27923
196389
339361
408284
719229
328271
212753
976207
126798
248782
528511
577832
412327
928437
437462
71423
959316
80867
860361
755639
655184
147878
699537
265121
986886
642646
353440
46210
845470
92341
863850
246021
618028
767727
138072
779313
340182
870784
741525
917781
949540
618187
487304
269355
647290
676089
277122
367370
73462
474864
804907
463877
262572
350339
891306
661786
893755
748393
633308
837210
716501
330143
803264
298148
297424
708195
879002
491076
795380
579292
335766
597838
895104
621578
54353
80887
263811
324194
244970
572411
444758
395395
369004
190310
265655
375312
468630
435123
705111
266642
332565
227126
398597
899880
416227
98134
823474
54819
701845
720356
231339
368637
721276
345117
422857
912550
902200
231262
130668
651342
467032
417755
682307
516874
819279
351309
659177
151827
220718
833761
95851
167939
576331
325021
785124
241359
10415
638743
608802
863176
317809
823083
75520
922257
960356
699377
861649
86938
856799
145237
513214
74815
229701
231496
379391
88198
856014
53522
957058
987268
4869
282228
415469
246384
573507
858022
600922
413987
576816
861231
744518
880946
162164
808110
732027
371864
351685
173647
104327
984817
585850
824342
35314
120088
437667
476111
943797
288502
886508
852040
49549
289196
173971
658720
76352
453948
277197
843231
375076
246435
53412
75790
844929
536429
76841
365495
469254
44592
823708
638477
613569
359970
81086
841213
321396
537475
48091
129674
742038
35196
14422
812561
756589
315916
180437
751876
811762
301836
89773
803846
535691
89005
743792
745747
596651
230816
873085
876605
658226
687963
855727
626947
173910
462972
10500
51745
303574
434160
428843
494212
971304
731353
32894
237724
116563
406651
927943
548722
553066
738549
204994
688743
506719
125603
275548
91451
594582
755761
523853
941458
59989
348547
893041
423984
387025
328010
93649
122924
560507
670732
135602
49759
413632
209826
455651
358744
894016
785806
14634
555255
356113
535973
774536
11004
375271
679161
351174
572306
775118
743440
495384
901144
863808
931598
354821
949243
759996
132847
924501
400918
605272
743993
996523
734402
850420
405887
476519
262821
849601
633333
303268
30904
752533
912849
284395
107244
454469
997007
138102
666761
889627
704791
730462
781292
792830
417344
842298
916466
617013
792372
717922
233278
161901
819230
266537
471487
212387
788324
779390
394939
463521
805587
920080
126242
150488
832258
477980
131982
810508
191660
42754
799798
206851
375516
471854
65662
154154
476673
738224
889695
609087
50175
172450
815428
898829
210100
117865
654947
859975
201094
853147
474753
627340
110648
960120
587593
277349
436932
458974
786813
162521
312350
220585
479883
515446
229279
609593
776179
746429
254137
655223
821915
786771
702803
913111
429723
69101
507776
347411
749886
421438
622783
92463
584903
706630
568187
147086
101048
540941
598528
784973
920824
606405
249904
129465
152556
450995
122711
702504
369468
574080
779240
227205
45254
47042
137408
861109
247820
899365
751085
300467
713974
946825
908129
2689
150308
231853
887578
950898
614117
326581
534876
458956
546628
386752
396446
633067
192391
214892
531446
642092
117577
547586
212893
209597
825694
556057
475489
972144
157201
133689
355798
871982
283731
970702
162379
651304
337757
101864
81030
360347
233205
338139
532134
683802
572896
908528
683399
276033
459250
257718
397865
129754
814295
645972
108067
494178
940364
656048
875879
533943
531389
663547
65992
597634
4440
670506
776276
75527
773718
42426
863154
835220
56848
540404
759827
680132
359921