997007
996523
996221
995762
987501
987268
986886
986794
986654
984817
983567
982568
980707
980541
976806
976207
972897
972506
972144
972061
971304
970702
968241
966411
960356
960120
960100
959316
959162
958692
957648
957058
953454
952170
950898
949540
949243
946825
946740
946316
944975
944540
943800
943797
941458
940588
940364
935669
935483
935374
935202
933435
931598
929173
928478
928451
928437
927943
924501
924112
922257
920824
920697
920080
917781
916665
916466
913515
913111
912849
912550
911025
910327
908528
908187
908129
906389
904380
903794
903785
902200
901144
900389
899880
899365
898829
897048
896465
895104
894016
893755
893041
892400
891409
891306
890640
889695
889627
889543
889397
887578
886508
886420
886281
885037
884614
883070
882982
882168
880946
879858
879002
878651
876605
875879
873085
872437
871982
870784
865561
863850
863808
863176
863154
862588
861649
861231
861109
860653
860361
860254
859975
858200
858081
858022
856799
856014
855727
853147
852040
851960
850692
850489
850420
849601
848866
846794
845470
844929
844183
844137
843659
843231
842298
841213
837210
835894
835220
834192
833761
832457
832427
832258
831897
830767
829875
828637
828227
827375
826849
825694
825401
825278
824611
824342
823708
823474
823083
821915
820592
819492
819279
819230
818071
817819
815831
815428
814972
814295
813327
812899
812818
812561
811762
810508
810359
808110
805587
804907
803846
803264
801677
799798
795380
795091
794193
792830
792372
788324
786921
786813
786771
785806
785746
785154
785124
784973
784629
783880
781292
780810
779390
779313
779240
778393
777915
776276
776179
775989
775313
775118
774536
773718
772455
767727
766936
765570
760809
759996
759827
757924
756959
756589
755761
755639
752533
752012
751876
751085
749886
748393
747355
747163
746429
745747
744518
743993
743792
743483
743440
743038
742038
741525
741184
740162
738549
738224
736047
734883
734402
734287
732027
731353
730462
729584
727405
726373
722977
722215
722029
721276
720356
719229
718952
717922
716501
716334
714958
713974
713720
713324
709554
708433
708430
708195
706661
706630
705584
705326
705111
704791
702803
702650
702504
702350
701845
701450
699891
699646
699537
699377
697016
695292
689509
688743
687963
685536
683802
683399
682307
680132
679799
679161
678344
676281
676089
675457
674768
674350
670732
670506
669378
668303
667667
666761
663547
662106
661786
660679
659177
658720
658534
658226
656108
656048
655223
655184
654947
654313
654292
651342
651304
647290
645972
642646
642092
638743
638477
635264
634482
633333
633308
633067
632757
630374
628852
627340
627153
626947
626569
625744
625372
625130
624999
622783
621989
621809
621578
621500
619255
618357
618258
618187
618028
617013
615991
614951
614117
613783
613569
609593
609087
608802
606409
606405
605590
605272
604604
603395
601761
600922
599909
599261
598528
598431
597838
597634
596651
594582
589337
588116
587593
585850
584903
584152
582892
581395
579292
578611
577832
576816
576331
574080
573507
572896
572411
572306
568187
568002
564241
563455
563249
562216
560507
560276
558827
558265
558092
557356
556255
556057
555255
554782
553269
553066
552900
552875
551209
548722
548684
548471
547728
547586
546742
546628
544430
540941
540404
540265
538508
537475
536429
535973
535918
535691
534876
534751
533943
533410
532134
531446
531389
530344
528941
528865
528511
524708
523853
523470
520357
516874
515446
514706
514417
513904
513214
507776
506719
505118
502908
502716
501925
497983
495384
494611
494212
494178
491076
488759
487304
486830
486350
485726
482494
479883
477980
476673
476519
476111
475489
474864
474753
472441
471854
471487
470238
469991
469254
468630
467032
464742
463877
463521
462972
462147
460637
459250
458974
458956
457123
455651
454469
453948
453750
450995
449303
448810
447722
447430
446257
445374
444758
444661
441800
439462
437667
437462
437052
436932
435123
434160
429766
429723
428843
428411
426494
425439
424442
423984
422857
421438
420880
417755
417344
416227
415916
415469
415127
413987
413632
412327
411403
410924
408590
408284
406651
405887
405529
403167
403090
402226
400918
398597
398036
397865
396624
396512
396446
395395
395309
394939
394299
394112
393209
392268
391706
390992
387241
387025
386752
384730
383191
382995
381983
381811
380648
380446
379391
378098
377516
375516
375312
375271
375076
371864
370125
369468
369004
368637
367370
365495
364748
360347
359970
359921
359288
359247
358744
358218
356113
355798
354821
353440
351685
351309
351174
350339
349498
349489
348547
348122
347411
345556
345117
344531
341165
340482
340182
340044
339361
338139
337987
337757
337626
336897
336754
335766
335075
332565
330143
328271
328015
328010
326581
326296
325810
325021
324194
324155
321853
321396
320660
320488
317809
315916
313632
312350
308621
307951
303574
303529
303268
301836
301391
300467
298148
297993
297714
297424
292942
292892
290979
289196
288502
288267
287826
287724
284875
284395
283764
283731
282228
281076
277349
277197
277122
276033
275548
273292
270347
269355
268365
266642
266537
266188
266076
265655
265121
263811
263325
262821
262572
262171
261545
259972
257748
257718
257537
254137
251574
249904
248782
247820
246435
246384
246021
244970
244294
242761
241359
238134
238089
237724
235938
235855
233827
233278
233205
231853
231496
231339
231262
231179
230816
229701
229279
227205
227126
227028
223200
220728
220718
220585
219860
218813
218420
217204
215326
214892
213594
212893
212753
212387
210880
210100
209826
209597
209515
206851
204994
204132
203807
203582
203522
202352
202095
201692
201094
200677
199328
198438
198169
197473
196389
192391
192261
191660
190310
189427
189394
188641
186124
181942
180953
180437
180096
174427
173971
173910
173647
173197
172450
170771
169211
168246
167939
167263
167161
165797
165796
165201
164128
162967
162521
162379
162164
162002
161901
159200
157201
156806
156701
156526
154154
152556
151997
151827
150722
150488
150308
147878
147086
145237
144385
140759
139069
138102
138072
137408
135926
135602
134881
134741
133689
132847
132395
131982
131035
130668
129754
129674
129465
128212
127773
127656
126798
126463
126242
125603
122924
122711
121593
121538
120429
120088
118210
117865
117577
116668
116563
114835
113689
112099
110648
108067
107244
104327
104021
103707
102931
101864
101048
98655
98134
97688
95851
93649
93413
93017
92463
92341
91871
91451
89919
89773
89715
89005
88198
87194
87149
86938
84706
84302
81156
81086
81030
80887
80867
76841
76352
75790
75606
75527
75520
75261
74815
73462
72375
71423
69101
68285
66879
65992
65662
65353
64349
64123
62547
62457
61521
59989
56848
54819
54353
53522
53412
52885
52646
51745
50175
49759
49549
48091
47042
47025
46845
46252
46210
45254
45174
44592
43221
42843
42805
42754
42426
40462
40035
37435
36221
35314
35196
32894
31182
30904
28953
28945
28536
27923
27624
27257
27188
21730
19543
18993
14634
14422
11689
11004
10687
10500
10415
10258
7816
7220
4869
4440
4103
2689
2087