999640
997997
997958
996862
996153
995488
995181
994792
994561
994220
994117
993904
993449
993196
993076
992107
991477
991471
991226
990561
990537
990087
989931
988866
987892
987688
987004
986944
986602
986299
985826
985636
985603
985529
985257
984274
984098
984088
983026
981124
980992
980764
980665
980637
980505
980232
980022
979645
979493
979428
978585
977677
977191
977068
976553
976427
975009
974503
973414
973050
972443
971277
971118
970457
969954
969519
969046
968994
968981
968721
968603
968166
967336
967109
966954
966559
966016
965405
963463
961988
961665
961068
960813
960407
960290
959721
959293
958801
958470
958464
958142
957108
956141
955898
955868
954969
954407
954266
953059
952755
951922
951565
951248
950781
950583
950284
949535
949412
949009
948657
947734
947029
946178
946015
944283
943707
943640
942688
942607
942576
942571
942029
941832
941609
941169
941011
940964
940734
940566
940369
940272
940028
937896
937738
937498
936524
936457
935937
935868
935707
935359
934763
934217
933832
932979
932014
931004
930944
930375
930107
929443
928830
927788
927628
927094
926552
926040
924433
923105
923087
921775
921409
921239
921070
919862
919232
918041
917030
916498
916324
916120
916053
915701
915513
915412
915099
915091
915003
914936
914757
914010
913409
912957
912547
911740
911391
910280
909002
908665
908303
908298
907610
906903
906805
906775
906750
905685
905427
904974
904691
904149
903754
903594
903515
902779
902218
902157
901801
901030
900150
900045
899972
898242
897904
896410
896091
895919
894762
893622
893335
893155
891616
890394
890293
888510
886793
886641
886591
886470
885220
884775
884564
884546
884526
884502
884429
884187
882508
882420
882213
882051
881741
881402
880321
880181
879973
878922
878515
878485
878439
878008
877937
877847
877662
877443
877416
877027
877027
876594
876345
876090
875902
875839
875303
874726
874525
873815
873298
873288
872863
872503
871614
871504
871490
871000
870906
869956
869141
869100
868994
866872
866799
866798
866722
866713
866168
865711
865040
864734
864332
864327
863907
863709
863573
861903
861001
860549
860396
860367
860305
860228
858240
858132
858097
857807
857775
857456
857310
857109
857069
856432
856220
856133
855149
854919
854731
854443
854251
854239
853931
853353
852959
852690
852152
851562
851477
851342
851222
850923
850425
850109
850062
849360
848356
845057
844890
842675
842485
842451
842149
841227
840258
839717
839524
838782
837894
837537
837054
836249
836156
836003
835545
834755
833613
832484
831452
831223
830571
829664
827973
826788
826720
824698
824227
823024
822936
822357
821452
821216
820835
819635
819569
817360
816935
816493
816476
816166
816153
815864
814370
814292
812937
812870
811819
809740
809738
808198
807338
807016
806975
806974
806292
805973
805578
805377
804973
804963
804904
804633
803761
803723
803277
802538
802338
801893
801481
800630
800558
800209
799062
798952
798927
798806
797386
796500
795368
795267
795195
794698
793838
793260
792986
792515
791148
790948
790826
789245
788456
788341
787577
787274
786996
786653
786515
785782
785038
784875
784503
784059
783740
783164
782292
782090
781783
781515
781228
780493
779732
778997
778759
778610
778565
778494
777319
776725
776469
776210
776012
775908
775697
775532
774113
773132
772094
771931
771024
770504
770465
768708
767918
767911
767704
766718
766540
766474
765532
765081
764950
764436
764152
764136
764048
762148
761153
760960
760455
760267
760252
759397
758024
756584
755838
755388
754056
752976
752754
752747
751734
751715
751195
750044
749778
749524
748774
747898
747022
746671
746286
745449
745204
745028
744195
743801
743494
742573
742037
741569
741152
740895
740431
739869
739155
738958
738180
738133
736751
736340
734889
734848
734627
734279
733385
733295
732476
732437
732387
732130
732030
730703
730306
729813
729510
729462
728418
727966
726817
726494
725984
725851
725563
725264
724562
724227
723098
722761
722569
722242
722006
721384
720676
720537
720295
719991
719302
719161
718750
718349
718322
716259
715433
715266
715243
715100
714750
713311
713064
712966
711642
711061
710785
710460
710156
709784
709764
709426
709388
709215
709010
708733
708032
707763
707527
707039
707011
705331
704560
703941
703929
703695
703162
702980
702867
702562
702507
702465
702243
702228
701158
700322
700276
700176
699524
699257
698914
697891
697637
695571
695480
695403
695032
694640
694535
694166
694141
693881
693269
693063
691377
690839
690608
690387
689506
689443
689344
687718
687472
686647
686296
686161
685695
685284
683283
681801
681374
681284
681241
679972
679834
679580
679319
679279
678162
678041
677886
677395
676792
676767
675991
675592
674833
674539
674103
673937
673794
673630
673370
673261
673256
672683
672361
672358
671565
670853
670369
670071
669428
669110
668962
668505
668276
667429
666808
666398
664884
664808
664435
663451
663264
662915
661624
661425
658852
657436
657320
657301
656494
654807
654456
653547
652331
652298
650478
650194
649536
648839
648744
648088
648064
646912
646716
646283
645531
644470
643621
643203
643011
642159
641352
640540
639102
638942
638593
638553
637116
636956
636674
636624
635819
635806
635065
633780
633687
633552
633236
633101
632902
632648
631514
630968
629914
629274
628484
628002
627276
625306
624819
624600
624506
624410
622697
622488
620497
620248
619958
619939
619226
619153
618992
618773
618535
618010
617945
616764
616667
616240
616004
615884
615659
615624
615323
615015
614823
614568
614428
614396
614281
613946
613765
613764
613299
613183
612935
612667
612531
611837
611606
611240
610555
610379
609767
609606
609527
609280
607969
607639
607177
607018
606966
606822
605697
605564
605359
605211
604462
604342
603012
601834
600636
599798
598718
597549
597327
596181
595542
594490
594269
593894
593020
593017
592179
591845
590752
590732
590731
590007
589812
588725
588419
588149
587092
586530
585972
585817
585032
584352
584346
584167
583949
583184
582553
581725
581124
580493
580323
580226
579665
579620
579615
579469
579446
579265
578937
578520
578142
577995
577754
577254
577187
575754
575385
574873
574403
574348
573828
573785
573747
573081
572572
572399
571673
571619
571139
570172
569769
569524
569322
568783
568494
568040
567997
567567
566615
566009
565934
564777
564301
564130
563978
563669
563637
561843
561229
560861
557939
557466
557445
556917
556354
556341
555367
555200
555162
555068
554754
554219
553682
553083
552897
551677
550432
550118
549892
548196
547820
547516
546214
545357
544571
542934
542225
541784
539864
538900
538325
538148
537558
536654
536333
536311
536061
535459
535274
534737
534721
534032
532996
532380
532271
532014
531418
530948
530490
530286
530123
530017
528799
528165
527450
527384
527379
525933
525734
525699
525354
525081
524763
524581
524117
524009
522424
521855
521261
521074
520803
520632
520417
520098
519832
518111
517923
517233
517013
516563
515942
515585
514643
514559
513756
513695
513394
512849
512837
512187
511358
511332
511171
510131
509745
509425
508911
508790
508495
507966
507549
506592
506423
506414
506229
506092
506061
506045
505804
505481
504385
502937
502659
502507
502397
502265
501786
501283
500408
499958
498625
497351
496646
496164
495737
495234
495064
494111
492684
491927
491458
491431
490537
489966
489860
489516
488742
488450
487088
486327
486022
485669
485110
485032
482525
482244
481821
481690
481663
480289
480002
479849
479222
478680
478073
477034
476968
476798
476030
475644
475620
474352
473810
473676
473521
472501
471965
470944
470596
470242
470054
469841
469797
469769
469504
468510
467923
467681
467532
467026
466649
464479
463961
463828
463652
463348
461402
461289
460283
460078
459726
459045
458210
457505
457194
457050
456575
456405
456313
456285
455978
455624
455491
454438
454094
453889
453052
452907
452344
451621
451201
450909
450748
450333
450268
449908
449681
449211
449169
447527
445741
444205
443818
443652
443260
443084
442854
442842
442817
442075
440711
440192
440009
439868
439718
436228
436044
435442
435009
434901
434599
434474
433245
433148
433097
433078
433051
432938
432569
432262
430413
429316
429302
428393
427101
425408
425180
425149
425134
424929
424321
424128
423400
423353
422184
422120
422055
421293
420624
420436
420077
419978
419794
419673
418307
417706
417537
417528
417115
416998
416500
416496
415744
415335
414923
414112
413923
413154
413092
412091
412051
411597
410992
410498
409675
408436
408101
407612
407376
407352
405959
405405
404600
404521
404480
404443
404291
402887
402731
402121
401550
400487
400139
399861
396709
396507
396096
395785
395413
394961
394758
394405
393595
392919
392388
392225
389904
389071
387940
387333
387023
386324
386142
385956
385611
385273
385149
384694
384688
383455
382944
382834
382027
380999
380568
380547
379810
378654
377943
377880
377770
377489
377331
377063
376558
376009
376002
375509
375048
374903
374095
373684
373113
373024
372368
371214
370761
369211
368355
368272
367679
367601
367432
366811
365975
363745
363473
362269
362051
361537
360851
360678
360625
360470
359207
358587
358228
358060
357348
356896
356255
356184
355955
355912
355843
354145
353336
352218
351691
351560
351410
351306
350417
350347
349586
348753
348386
348356
348177
347627
346979
346890
346801
346447
345780
345500
345306
343982
343796
343464
343436
342921
342263
342170
341712
340977
340511
340454
340371
339398
339325
338524
337581
337526
337309
336972
336285
335755
333450
333219
332879
332375
331278
329895
329109
328646
328363
328200
328188
327858
327812
327464
326518
325837
325214
325034
324892
324027
323502
321723
321581
321444
320475
320027
319822
319452
318602
318295
318109
316536
316532
316504
316308
316211
316067
315496
315477
315389
314700
314023
313977
313070
312691
311775
310617
310553
310080
309859
309394
309112
308795
308219
307781
306894
305680
304980
304897
304714
304151
303817
303598
303524
302895
302614
300690
299789
299332
299276
299083
298287
298177
298119
297812
297073
296754
296112
295366
294337
294233
293881
293503
293040
291829
290777
290271
289349
288873
288307
288036
288032
287814
287582
285499
283569
282470
280447
280237
279761
279434
278199
278198
277382
276956
276495
276491
276298
275988
275986
274337
271090
270385
269950
269685
269641
268243
267986
267855
267607
265951
264453
263456
263311
263251
263156
263004
262755
262731
261904
259429
258981
258313
257803
257737
257725
257338
257193
256353
256274
255881
255436
255382
255330
255156
255139
254880
254710
254538
254498
253871
253409
252980
252847
252330
251788
251274
250467
250276
249170
248602
247934
247181
246805
246572
245404
245038
244858
244428
244229
243432
243054
242341
241333
240610
240382
239982
239670
239621
239199
237187
236672
236041
235124
234758
233900
233832
233106
232902
232751
232688
232067
230599
230422
230248
229255
228266
227945
227942
227895
227798
227519
226385
226308
226218
226147
225845
225445
224469
223632
223472
222921
221785
221094
221058
220350
220176
219639
219403
219091
218809
218095
216749
215966
214238
213222
212976
212810
212435
212050
212033
211415
210952
210786
208786
208602
208558
208093
207843
207331
207053
206826
205347
205234
204754
203702
203602
201453
201302
200922
200245
199671
198879
198537
198087
197838
196794
196558
196502
195061
195008
194299
193768
193516
193264
192870
192428
191966
190965
190880
190691
190459
190062
190032
188955
187902
187759
187506
186997
186839
186821
186556
186491
186402
185843
185183
185177
183663
182696
182616
182366
182150
181808
180574
179545
179258
179038
178850
178434
177846
176293
176168
176039
175975
175631
175625
175072
174708
174002
173731
173687
172998
172118
171887
171080
170647
170454
169860
167919
167622
167369
166226
166154
166080
165690
165661
165405
165208
164538
164083
163835
162878
162428
162138
161899
161650
161492
160736
160513
160190
158882
157590
157302
156927
156746
156735
156279
155583
155467
154606
153691
153527
153328
153116
152797
152753
152072
149885
149642
148221
148010
147739
146975
146753
146586
145714
145128
144064
143772
143097
143032
143018
142691
141572
140881
140817
139912
139033
137576
137548
137221
136526
136490
136108
135393
135353
134861
134720
134697
134519
133725
133678
133580
133236
132880
131300
131123
130751
130268
129669
129555
129367
129136
128098
126050
125304
125291
125057
124922
124772
124283
124239
122726
121543
120981
120877
120804
120293
119896
119293
119275
118367
118343
118181
118003
117479
117433
117350
115718
115315
115199
115177
114952
114537
114117
114108
113861
113702
113377
111901
111505
111373
111338
110565
110384
110210
109910
108344
108001
106592
106472
106277
105063
105024
104794
104639
104606
104402
104223
103423
103325
103293
103251
103177
103006
102761
102171
101192
101104
100686
99174
98877
98006
96727
96368
96205
96100
95713
95435
95179
95070
93536
92345
92167
91865
91604
91534
91493
91124
91047
90649
90589
90388
86971
86917
86467
82990
82179
81609
81467
81381
81074
80037
79864
79668
79635
79558
79237
78356
77979
77227
76697
76579
75641
75600
75225
75216
74870
74137
73740
72559
72107
72088
71633
70906
70642
70572
69389
69065
68584
67912
67518
66120
65701
64994
64460
64328
63942
63893
63720
63487
63213
62827
61969
61427
61217
59016
58620
58069
56929
56780
56535
56331
56145
55766
54894
54882
54349
53809
53259
51603
50788
49245
49022
48328
48026
48016
47933
47835
47665
47585
45638
45384
45312
45092
44620
44477
44424
43918
42485
42187
41290
40896
40327
39753
38812
38479
38352
38315
37842
35984
34815
34419
33808
33698
33496
33411
32997
30879
30671
30306
29906
29316
29294
29019
28957
28067
27219
27130
26620
26462
25208
24186
24180
24030
24017
23423
22996
22721
22355
21190
20900
20591
20285
20135
19866
19434
19423
19301
18202
18141
17322
16462
16426
16085
14737
14528
13871
13849
13145
11702
11299
11285
11019
10182
9546
9328
8936
8866
8273
8032
6942
6272
6019
5757
5266
4715
3861
3556
3175
3065
2891
2821
2443
1950
1378
1369
278
250