999542
999126
999118
999096
999055
998868
998852
998816
997992
997716
997265
997086
996856
996243
996214
996103
995780
995387
994793
994592
994434
994250
993687
993324
993122
992742
992340
991766
991657
991291
991238
991215
991177
991118
991061
990741
990708
990426
989709
989325
989250
989065
988778
987967
987876
987657
987573
987242
987192
986502
986332
985820
985656
985639
985355
985202
985003
984923
984851
984760
984570
984547
984238
983202
982878
982819
982366
982279
982117
981660
981621
981064
981020
980721
980304
980011
979658
979342
978815
978283
978181
978025
978005
977841
977507
977449
977168
977108
976885
976701
976674
976576
976559
976156
975333
975282
975268
974667
974604
974545
974486
974373
974145
974012
973589
973487
973473
973305
972891
972831
972769
972758
972367
972270
972194
972098
971885
971846
971805
971761
971317
970773
970630
970494
970396
969838
969551
969216
968964
968775
968768
968402
968351
967109
967046
966929
966753
966410
966001
965292
965170
964786
964639
964250
964155
964080
963945
963933
963413
963095
962903
962700
962044
961898
961854
961646
961613
961394
961276
960854
959160
958909
958624
958135
957900
957629
957184
957009
956600
956307
956247
956174
955949
955757
955418
955069
954784
954472
954294
954221
954056
953750
953540
953440
953115
952962
952824
952721
952491
952459
952339
952269
952083
951895
951629
951408
950972
950733
950612
950047
948642
947727
947513
947319
947310
946927
946858
946594
946577
946468
946243
946041
946035
945682
945061
944983
944969
944836
944557
944398
944253
943996
943630
943369
943181
942940
942855
942293
942247
942073
941953
941828
941757
941387
940874
940789
940615
940520
940086
939656
939575
939441
939357
939284
939195
938886
938546
938331
938308
938058
937783
937451
937406
936639
936040
935590
934940
934875
934749
934395
934299
933808
933497
933308
932561
932241
931708
931534
931287
931276
931012
930467
930408
930250
930150
929766
929750
929590
929508
929051
928755
928586
928275
928109
926902
926857
926728
926303
926124
925432
924739
924616
924546
924258
924095
923977
923855
923423
923343
923343
923186
922821
922725
922338
922163
922055
922023
921955
921503
921411
920846
920448
919871
919493
919028
918979
918007
917746
917335
916832
915763
915499
915312
915259
914953
914670
914627
914352
914010
913887
913330
912995
912778
912558
912514
912081
911552
911183
911159
910813
910680
910360
910324
910302
910236
909857
909212
908647
908483
908253
908063
907923
907836
907304
906829
906533
906431
906108
906048
905826
905379
905365
904933
904784
904703
904608
904528
904345
904018
903249
903209
902811
902732
902545
902339
902194
901641
901228
901061
900714
900597
900400
900391
900073
899730
899646
899578
899497
898918
898737
898424
898325
898009
897914
897291
895782
895556
895445
895395
895257
895199
895045
894992
894940
894851
894200
893503
893490
893370
893308
893097
893010
892437
892373
892338
892315
892133
892088
891028
890918
890325
890235
889788
889680
889665
888901
888796
888791
888651
888472
888452
888414
888356
888210
887893
887785
887501
887336
887266
887163
887054
886918
886070
885685
885656
885643
885302
885113
884991
884570
884404
884392
884227
883853
883719
883640
883209
882686
882439
881262
880827
879743
879458
879382
879194
879151
879043
879013
878632
878208
877831
877751
877665
877581
877554
877518
877254
876840
876365
876359
876349
875946
875730
875487
875045
874937
874867
874305
874198
874065
874013
874011
873369
873176
873162
873128
872699
872507
872180
871912
871550
871127
869839
869481
869140
869047
868952
868839
868812
868687
868322
868251
867975
867599
867419
867312
866883
866663
866536
865836
865698
865604
865554
864714
864474
863805
862667
862631
862408
862241
862008
861759
860667
860537
860034
859804
859594
859020
858905
858810
858660
858415
858188
857442
857287
857171
856456
856447
856133
856074
855529
854973
854418
854237
854128
853770
853732
853370
852782
852258
852080
852036
852013
851990
851969
851630
851610
851372
851052
850862
850761
850685
850678
849558
849554
849355
849354
848457
848014
847812
847437
847385
847094
846768
846655
846202
846006
845659
845042
845006
844936
844522
844500
844203
844154
843837
843774
843708
843570
843230
843085
842936
841861
841854
841486
841368
841180
841170
841085
841074
840401
839719
839369
839113
838778
838762
838434
838327
838124
837957
837700
837649
836894
836733
836291
836015
834911
834888
834742
834310
834246
834241
833916
833526
833379
833262
833020
832302
831748
831469
831438
831390
831369
831281
831127
831088
830406
830135
830051
829907
829604
829547
829450
828549
827928
827076
826993
826926
826454
825721
824995
824934
824846
824644
824623
824380
823861
823847
823836
823786
823229
822976
822641
822500
822385
821824
821626
821487
821345
821084
820587
819826
819614
819582
819395
819269
819207
819093
818870
818746
818534
817899
817772
817083
817001
816939
816667
816319
815660
815543
815435
815264
815079
814965
814917
814812
813939
813856
813123
812891
812492
812439
812435
812051
811875
811785
811161
811012
810721
810584
810501
810446
809861
809634
809261
809085
808759
808663
808617
808543
808014
807881
807805
807723
807693
806946
806637
805810
805498
805293
804644
804638
803729
802732
802627
802566
802203
801684
801588
801490
800999
800957
800852
800493
800306
799859
799662
799599
799427
799409
799296
798906
798702
798669
798519
798483
798355
797610
797290
797167
796938
796583
796566
795628
795528
795513
795254
794634
793972
793423
793280
793267
792988
792851
792545
792145
792098
792045
791533
791074
790952
790824
790666
790438
790123
790052
789806
789296
789106
788879
787886
787762
787722
787687
787415
787292
786539
786303
786121
786015
785997
785769
785640
785147
784868
783975
783525
783240
782783
782655
781982
781930
781833
781085
780900
780621
780077
779915
779730
779686
779371
779358
779014
778795
778624
778010
777891
777418
777402
777326
777261
777252
777156
777051
776004
775832
775718
775687
775182
774515
774240
774054
773981
772968
772576
772482
772454
772120
771879
771858
771800
771492
770839
769990
769908
769498
769423
769374
768939
768511
768404
768267
767787
767024
766466
766255
766086
765892
765827
765751
765267
764932
764907
764765
764610
764507
764499
764446
764171
764169
764132
764069
763859
763562
763341
763256
763256
763213
763208
763121
763063
763009
762935
762889
762677
762251
762239
762038
760841
760820
760711
760665
760456
760447
760342
760342
760239
758701
758488
757658
757557
757192
756585
756515
756452
756424
756285
756284
756139
756134
755606
755453
755218
754792
754683
754634
754626
754620
754498
754087
753520
753413
751522
751260
751202
750667
750584
750357
750222
750121
749684
749323
749069
748769
748527
748464
748258
748256
748072
747959
747808
747238
747213
747157
747145
747050
747025
746740
746032
745614
745534
745088
745056
744540
744079
743088
743068
742930
742577
742380
742249
742087
741430
741118
741024
740798
740607
740439
739922
739228
739196
739009
738855
738244
737903
737035
736833
736812
736787
736777
736720
736614
736559
736496
736430
736298
735972
735696
735690
735557
735426
735151
735079
734841
734011
733896
733784
733662
732176
732099
731874
731662
731547
731262
730971
730710
730552
730276
729963
729899
729711
729631
729168
728849
728688
728369
727819
727763
727620
727540
727338
726518
725982
725884
725874
725704
725262
725033
725029
725018
724176
723960
723951
723395
723240
722962
722754
722415
722359
722273
721850
721845
721736
721688
721407
721177
721143
721125
721060
720929
720846
720827
720794
720749
720643
720455
720271
719965
719441
719307
719122
718794
718709
718395
718345
717858
717689
717614
717256
717112
716705
716481
716134
716023
715723
715005
714865
714751
714469
714367
714159
713956
713889
713769
713721
713570
713338
713189
712745
712322
712051
712010
711643
711308
711201
710967
710627
710527
710431
708960
708859
708730
708669
708273
708164
708150
708076
708027
708002
707865
707008
706884
706432
706263
705881
705800
705785
705738
705473
705323
705177
705094
704980
704973
704962
704790
704650
704373
704342
704003
703602
703409
703372
703247
702966
702917
702844
702714
702503
701950
701747
701669
701633
701624
701591
701376
700860
700835
700740
700501
700332
700175
700158
700035
699650
699542
699511
698953
698769
698729
698702
698627
698436
697686
697293
697201
697039
696730
696414
695907
695779
695485
695165
695084
694951
694603
694081
693898
693751
693606
693009
692744
692739
692644
692572
692339
691723
691658
691571
691545
691384
691359
690812
690800
690639
690486
690437
690402
690306
690303
690244
690059
689980
689859
689634
689468
689231
689013
688785
688064
687802
687320
687075
686583
686305
685594
685163
685133
685076
684987
684757
684492
684116
683694
683022
682672
682247
681949
681802
681532
681444
681377
681228
681172
680953
680737
680636
680234
680094
679767
679610
679547
679276
679243
679218
679186
678998
678204
678107
677811
677756
676538
676470
676144
675750
675634
675340
675195
674855
674737
674517
674415
674380
674265
673694
673644
672826
672329
672046
671941
671901
671885
671649
671571
670741
670739
670177
670053
669790
669583
669494
669412
668999
668875
668778
668563
668268
668150
668083
668052
667960
667588
667578
667405
667358
667118
667036
666674
666528
666049
665608
665484
665330
664944
664888
664736
664128
663899
663892
663048
663025
663013
662782
662514
662416
662200
662188
662104
662067
661874
661767
661323
661246
661222
660960
660674
660649
660233
660113
659503
659311
659242
658925
657848
657218
657040
656938
656387
656050
656009
655972
655884
655630
655152
655075
655000
654960
654894
654647
654097
653444
652714
652103
651095
650416
650322
650295
649639
649626
649402
649124
648770
648688
648620
648615
648482
648137
648073
647977
647924
647899
647874
647450
647186
647058
646926
646652
646542
646477
646302
646031
646025
645977
645964
645783
645582
645416
644817
644402
644322
644066
644050
643975
643816
643707
643599
643588
643588
642428
641992
641254
641189
641030
640626
640333
640310
640240
640119
640030
640023
639896
639772
639681
639339
639118
639087
638965
638918
638737
638650
638389
637742
637557
637493
637442
637089
636973
636947
636855
636846
636656
636634
636486
636134
636059
636002
635957
635632
635267
635115
634799
634785
634748
634693
634438
634127
633977
633662
632836
632616
632089
631261
631023
630973
630699
630666
630635
630255
630228
629847
629781
629722
629275
629091
628712
628622
628539
628474
628467
628334
627415
627129
626805
626583
626135
625945
625764
625050
624824
624753
624635
624633
624383
624142
623924
623647
623627
623177
623176
622933
622798
622673
622576
622562
622524
621791
621521
621281
621271
620859
620741
620620
620604
620575
620325
620237
619987
619787
619640
619582
619266
618986
618912
618879
618688
618392
618135
617804
617456
617153
616747
616488
616204
615725
615035
614433
614213
613691
613575
613468
613376
613249
612557
611692
611556
611448
610935
610753
610082
609909
609753
609490
609413
608862
608695
608131
608051
606554
606289
605615
605598
605429
605334
604545
604278
604064
603819
603464
603376
603284
603029
602985
602883
602210
602072
602038
601886
601834
601811
601805
601785
601751
601738
601650
601374
601276
601070
600845
600817
600411
600341
600294
599369
599252
599248
598733
598646
598156
598087
597869
597829
597802
597223
596945
596684
596488
596471
596367
595351
595250
594970
594426
594417
594415
593994
593992
593805
593680
593200
593156
593122
592645
592603
592480
592191
591984
591801
591660
591318
591191
591093
590925
590848
590789
590055
589636
589370
589255
588574
588039
587665
587614
587519
587215
587108
586957
586585
586079
585908
585300
585067
584919
584839
584682
584579
584524
584474
584457
584394
584355
583761
583703
583680
583597
582431
582396
582004
581842
581008
580917
580911
580617
580426
580404
580070
579392
579250
578997
578368
578210
577949
577713
576816
576575
576466
576023
575891
575791
575459
574929
574366
574100
574047
573776
573643
573459
573278
573223
573153
572993
572297
572039
571925
571876
571691
571353
570797
570512
570399
570161
570141
569884
569581
569492
569450
569146
569144
569134
568960
568823
568452
568165
567355
567271
566989
566969
566638
566624
566624
566234
566035
565528
565461
564943
564881
564770
563641
563619
563387
563345
563045
562253
562075
561706
561512
561267
561264
561149
560886
560686
560451
560373
559666
559561
559489
559439
559361
558659
558544
558301
557913
557755
557632
557279
556905
556902
556824
556717
556462
556350
555862
555649
555157
554999
554348
553730
553532
553164
552978
552806
552093
552039
551125
550651
550465
550441
550393
549841
549433
549359
549299
549198
549193
549159
549126
548911
548703
548250
548105
547826
547813
547397
547346
547253
547184
546529
546375
546303
546228
546219
546010
545885
545080
544710
544575
544106
543946
543813
543325
543311
543187
542674
540735
540688
539795
539731
539611
539374
539320
539262
539153
538841
537762
537668
537612
537527
537174
536843
536503
536458
536069
535888
535832
535606
535529
535285
535196
535192
535183
534347
534327
534252
534027
533996
533860
533856
533823
532434
532330
532265
531745
531662
531337
530609
530561
530447
529999
529876
529571
529237
528731
528254
528158
528041
527985
527931
527740
527035
526491
526444
526375
526271
526155
526118
525268
525187
524940
524707
524533
524380
523478
523398
522931
522823
522786
522612
522535
522312
521108
520924
520334
519754
519689
519668
519333
519318
519230
519031
518285
518047
517933
517669
517569
517347
517085
516513
516409
515930
515338
515138
515020
514831
514329
513609
513423
512943
512462
512421
512274
511906
511166
511105
511065
510844
510817
510495
510398
510062
509890
509202
508451
508133
507786
507780
506873
506612
506607
506459
506292
506281
506150
505072
504991
504753
503910
503906
503810
503700
503327
503227
503200
502890
502827
502661
502442
502045
501486
501279
500888
500874
500551
500183
499792
499681
499650
499394
499098
498507
498287
497906
496975
496891
496597
496304
496279
496273
496036
495953
495318
495060
494724
494534
494290
494082
494012
493945
493545
492943
492840
492763
492730
492621
492418
492193
491925
491862
491636
491522
491514
491481
491296
491251
491098
490215
490103
489778
489520
489397
489377
489293
489245
489198
488633
488138
488106
488018
487664
487133
486610
486513
486450
486430
486249
485924
485873
485752
485255
484679
484258
483366
483167
482821
482474
482358
482241
482159
482083
481767
481685
481429
481102
480956
480821
480727
480714
480580
480204
479864
479721
479503
479325
479228
478733
478613
478522
478515
478139
478081
478035
477917
477849
477822
477281
477217
476857
476783
476750
476562
476026
475799
475765
475702
475590
475219
475149
474998
474406
474128
473622
473575
473333
472964
472835
472821
472788
471965
471850
471524
471266
471251
471133
471108
470955
470805
470421
470374
470332
470254
469766
469256
469185
469155
468995
468731
468654
468411
468393
468071
468021
467466
467395
467357
466704
466692
465871
465776
465534
465301
465191
464109
463515
463286
463169
463043
461896
461887
461343
461072
460993
460886
460081
459735
459683
459349
459280
459264
458952
458896
458834
458824
458521
457898
457806
457704
457314
457236
457010
456963
456253
456155
455690
455258
455099
455052
454999
454743
454549
454274
453810
452668
452098
451831
451757
451249
450739
450266
450168
449935
449854
449766
449535
448904
448455
446768
446537
446358
446299
446048
445971
445861
445798
445740
445686
445399
444610
444453
444213
443966
443842
443471
443465
443112
442113
441601
441564
441299
441214
440873
440429
440391
440309
440118
439726
439547
439438
439420
439397
439310
439281
439196
438640
438011
437923
437709
437306
436448
435862
435333
434365
434171
433949
433778
433758
433454
433005
432805
432638
431118
430884
430838
430739
430631
430449
430446
430299
430114
429943
429808
429373
428428
428168
427397
427217
427182
426423
426088
425962
425954
425600
425439
425176
425101
424324
423661
422720
422123
422092
421905
420888
420780
420579
420346
419866
419747
419624
419446
419328
418489
418028
417595
417352
417129
417086
416696
416528
416362
415990
415921
415789
415722
415618
415608
415390
414956
413348
413189
412706
412139
412026
412001
411998
411872
411838
411806
411522
411461
411278
411054
410280
410194
409342
408585
408440
408102
408093
407608
407433
407428
407354
406963
406893
406793
406670
406344
406258
406020
405998
405964
405233
405228
405210
404992
404898
404817
404586
404557
404554
404421
404121
404021
403875
403668
403645
402798
402641
402090
401477
401197
401190
400898
400823
400395
400272
400245
400077
400044
399712
399665
399318
398698
398285
398211
397559
396824
396655
396507
396489
396294
396230
396072
395911
395047
394484
394055
393922
393744
393384
393259
393119
393079
392616
392529
392115
392046
391964
391917
391663
391353
391142
390878
390651
390575
390346
390225
390138
389424
389158
388933
388739
388611
388084
387817
387007
386662
386422
385736
385333
385212
385125
385107
384887
384130
383853
383599
383234
383035
382822
381811
381720
381709
381116
381114
380934
380895
380569
379744
379729
379663
379502
379467
379260
379218
378945
378913
378644
378430
378415
378349
378028
377726
377659
377298
376987
376705
375803
375746
375600
375472
375136
375063
374926
374698
374661
374558
374350
374151
374057
374010
373894
373357
371366
371116
370645
370423
370343
369857
369671
369463
369076
368948
368127
367881
367855
367303
367158
366877
366838
366720
366251
365969
365885
365563
365550
365054
364784
364142
364059
363365
363097
362939
362418
362292
362074
362072
361964
361562
361467
361352
361341
361278
361069
360244
360208
360149
359569
359345
359282
358926
358088
357659
357646
357562
357033
356946
356308
356278
355992
355913
355635
355583
355419
355411
354941
354267
354173
354058
353873
353786
353656
353609
353382
352703
352275
352149
351916
351832
351069
350786
350730
350064
349910
349364
349273
349116
348865
348860
348767
348273
347715
347328
346945
346883
346854
345996
345900
345787
345741
345439
345353
345301
345213
345054
344760
344623
344585
344574
344300
343673
343573
343275
342685
342547
342523
342228
341761
341692
341626
341436
341375
341183
340289
339809
339665
339151
338713
338666
338497
338299
338043
337942
337905
337834
337683
337348
337221
336633
336450
336192
335577
335341
334827
334762
334711
334585
334208
333963
333787
332936
332879
332826
332561
332402
332324
332307
332092
331556
331313
330910
330461
330209
330200
330142
329957
329101
328202
328201
327448
327425
327349
327297
327150
327059
326923
326771
326606
326596
326595
326383
326008
325906
325777
325069
325036
324751
324734
324319
323855
323538
323406
322131
322012
321898
321842
321769
321604
321311
321125
321118
321070
320833
320611
320395
320379
320370
320269
320157
320113
319918
319864
319626
319160
318651
318555
318376
318254
318104
318097
317412
317337
317118
316619
316613
316584
316446
315789
315297
315286
315196
315119
315106
314756
314698
314556
314296
314194
314074
314024
313931
313898
313836
313633
313237
313219
313000
312485
312400
312326
311855
311729
311684
311144
311122
311104
311099
310951
310530
310491
310236
310131
309816
309649
309586
308497
308321
308270
307948
307830
307723
307627
307136
306970
306921
306242
305909
305507
305482
305295
305284
305138
304966
304835
304743
304538
303874
303479
303211
303132
302912
302339
302145
301955
301740
301705
301376
299999
299608
299572
299421
299379
299038
299023
299016
298868
298688
298233
298003
297964
297377
296559
296549
295768
295617
295386
295311
295161
294668
294341
294114
293900
292499
291902
291864
291558
291534
291488
291294
291158
290853
290740
290224
289797
289681
289657
289604
289501
289261
288947
288855
288710
288583
287963
287890
287844
287755
287667
287464
287312
286975
286487
286326
286120
286034
285495
285391
285026
284738
284650
283991
283839
283714
283651
283609
283448
283368
283267
283247
282812
281940
281622
280826
280546
280319
280184
279713
279684
279440
279106
278239
277907
277661
277578
277116
276555
276438
276316
276297
276098
275872
275275
274872
274782
274553
273976
273135
273022
272919
272556
272534
272489
272352
272349
272050
271947
271661
271004
271000
270998
270862
269969
269547
269506
269489
269419
269306
269024
268761
268446
268348
268242
267997
267982
267806
267656
267626
267491
266873
266418
266165
265794
265573
265026
264857
264721
264142
263968
263346
262901
262494
261733
261392
261120
260807
260489
260235
260176
260071
260071
259721
259612
259248
258725
258621
258428
258270
258230
257936
257936
257838
257622
257543
257359
257262
257160
256981
256762
256703
256416
255780
255505
255487
255378
254494
254408
254366
254129
253807
253787
253601
253384
253229
252784
252690
252681
252405
252154
252055
251681
251375
251113
250721
250224
249942
249923
249663
249424
249300
249293
249172
249066
249049
248345
248287
248279
247850
247592
247152
247069
246997
246944
246841
246222
246154
246149
245702
245616
244906
244826
244671
244659
244489
244093
243647
243295
243252
242617
242282
242221
242107
241595
241568
241380
241053
240833
240691
240653
240620
240246
240211
240129
240033
239883
239500
239377
239302
239289
239185
239134
238458
238416
238405
238381
238362
238263
238192
237485
237131
236846
236626
236504
234756
234462
234336
234292
233992
233971
233878
233861
233559
233381
233233
232828
232715
232432
232352
232012
231627
230902
230857
230488
230392
230323
229948
229915
229731
229599
229283
228889
228489
228352
228287
228236
227737
226923
226800
225939
225895
225837
225627
225533
225271
225047
224925
224628
224607
224295
224026
223771
223491
223343
223178
222814
222500
222138
222039
221910
221846
221788
221561
221446
221199
221161
221112
221048
220858
220189
219929
219667
219480
219345
218270
218192
218108
218096
218054
217700
217650
216974
216871
216680
216476
214913
213953
213829
213763
213571
213376
213263
212882
212875
212844
212631
212015
211330
210083
210038
209961
209783
209517
209317
209224
209160
209071
209036
208981
208755
208604
208495
207845
207750
207745
207679
206043
205056
205007
204996
204990
204789
204377
204209
203803
203567
203279
203158
203121
203083
202947
202571
202541
202520
202493
201068
200738
200054
199923
199584
199192
199166
198787
198667
198449
197982
197812
197812
197388
197304
196670
196313
195998
195366
194567
194275
193483
192494
192464
192188
192148
191827
191745
191538
191267
191248
191212
190680
190673
189969
189849
189772
189593
189465
189346
189282
188720
188628
188407
188161
188155
187596
187514
187016
186666
186616
186501
186446
186193
185711
185415
185121
184789
184629
183748
183597
182806
182762
182223
182219
182141
181597
181322
180897
180386
180346
179956
179928
179682
179553
179046
178851
178478
178300
178221
178216
177784
177399
177299
177124
176941
176550
176467
176112
175947
175688
175593
175471
174523
174350
174064
173773
173744
173683
173634
173611
173415
173378
172976
172967
172734
172464
172446
172416
172080
171733
171568
170971
170898
170880
170772
169549
169546
169476
169260
169180
168856
168818
168739
168663
168483
168475
168401
168335
168316
168120
168021
167348
167309
166945
166203
166132
165336
165132
165056
165044
164968
164860
164600
164390
164380
164268
164240
164047
163795
163431
163281
162305
162042
162033
161824
161112
161099
161020
160309
160090
159824
159819
159611
159475
159385
159270
159155
159154
159102
159048
158314
158157
158146
158031
157907
157735
157725
157300
156905
156289
156140
155895
155852
155618
155590
155472
154896
154821
154778
154541
153943
153756
153187
152726
152676
152550
151950
151853
151765
151067
150733
150681
150483
150274
149898
149650
149621
149614
149272
149017
148901
148811
148761
148756
147918
147683
147567
147496
147124
146676
146499
146101
146011
145976
145599
145360
145107
143181
142804
142770
142272
142181
142072
141829
141695
141454
140837
140759
140585
140224
139895
139606
139388
139234
139121
138701
138050
137740
137639
137231
137098
136880
136729
136565
136457
135956
135888
135832
135702
135639
135233
134920
134741
134536
134526
134498
134109
134038
133911
133667
133569
133546
133499
133354
133315
132869
132486
132342
131852
131647
131428
131049
130498
130314
130206
130035
129985
129963
129803
129515
129027
128992
128952
128539
128005
127746
127536
127515
127490
127353
127334
126890
126270
126042
125706
125252
124739
124676
124172
124015
123877
123788
123705
123057
123053
122849
122715
122688
122221
121976
121907
121766
121500
121440
121349
120663
120648
120617
120606
120598
120581
120417
120402
120008
119822
119252
118815
118741
118720
117913
117657
117313
117267
117067
116443
116167
115791
115732
115713
115656
115511
115195
114747
114601
114421
113585
113556
112839
112764
112565
112314
112133
111760
111711
111659
111655
111461
110969
110955
110696
110339
110207
109958
109933
109836
109822
109819
109424
109375
109197
109144
108834
108773
108591
108448
108229
108117
108085
107864
107752
107644
107465
107190
106874
106620
106269
106259
106214
105641
105586
105559
105554
105551
105326
105320
105042
104642
104376
104368
104056
103847
103192
102971
102585
102539
102459
102421
102318
101795
101761
101432
101406
100906
100877
100807
100231
100081
100006
99920
99620
99570
99411
99272
99267
99196
99176
98932
98733
98382
98296
98167
98069
98007
97149
96990
96661
96046
95979
95953
95741
95528
94254
94214
94161
94121
94084
93562
93499
93459
93422
92900
92710
92608
92391
92337
92156
91531
91359
91186
91106
91062
90758
90349
89479
89299
89173
88951
88505
88174
87869
87786
87587
87505
87241
86962
86894
86859
86831
86392
86033
85852
85832
85820
85054
84972
84784
84736
84649
84646
84363
84246
84087
84057
84049
83595
83304
83146
83055
83017
82741
82631
82401
81588
80875
80374
80126
80001
79862
79818
79712
79615
79607
79345
79085
78791
78502
77615
77396
77141
77054
76720
76717
76411
76185
75339
75306
74783
74542
74246
73836
73761
73425
73338
73181
73099
72851
72624
72522
72472
72126
71645
71085
71061
70807
70769
70403
70368
70306
69920
69300
69272
69204
68986
68249
67643
67213
67075
66901
66575
66119
65994
65844
65511
65404
65129
64544
64289
64158
63825
63534
63469
63049
62585
62359
62100
61405
61189
61107
60831
60656
60549
60327
59993
59919
59770
59555
58202
57979
57928
57447
57334
56638
56315
56300
56234
56195
55833
54810
54213
54127
54023
53271
53196
53005
52335
52334
52115
51791
51777
51567
51500
51360
51348
50411
50279
50273
50108
50071
49932
49798
49735
49615
49341
49328
49277
49156
48635
48534
48415
48349
47961
47501
46494
46420
46417
46087
45488
45052
44861
44782
44725
44137
43953
43813
43497
43020
42949
42674
42445
42330
42233
41643
41412
40876
40783
40711
40655
40025
40017
39983
39860
39222
38522
38380
38290
38274
37035
36603
36294
36049
36012
35726
35460
34692
34616
33968
33801
33469
33193
31338
31209
31147
30931
30540
29857
29627
29596
29522
29468
29051
28681
27993
27412
27377
27291
26669
26315
26313
26007
25811
25756
25755
25659
25455
24828
24721
24625
24503
24370
24037
23747
23461
23047
22967
22966
22941
22819
22765
22719
22547
22073
21890
21658
21658
21610
21483
21147
21087
20986
20797
20519
20485
20179
19823
19560
19538
18844
18596
18588
18313
18165
18135
17942
17445
17266
17232
16907
16845
16588
16502
15713
15573
15558
15108
15080
14849
14782
14720
14449
13827
13253
13017
12744
12685
12641
12577
12512
11829
11636
11541
11508
11250
11238
10704
10652
10481
10387
10225
10221
10188
10176
9997
9682
9330
9266
9162
8938
8455
8252
7821
7521
7314
6801
6667
6603
6602
6511
6416
6359
6178
5890
5735
5698
4674
3376
2881
2785
2345
2116
2108
2022
1857
1833
1767
1749
1718
1425
1171
1160
1000
933
824
441
425
397
144
127
108
107