177
1481
1661
2757
3158
3547
5926
6710
7230
9288
9374
10522
11700
13006
13277
13331
14992
16911
17167
17371
19404
20240
20444
20581
20803
23805
24212
28652
28884
30823
31638
32759
33330
34069
34676
35547
35787
36144
37540
38412
39701
40710
42056
42400
42420
43890
44483
46000
47010
48379
48968
51096
55395
55912
56328
57656
59585
60514
60941
62396
64140
64282
65735
68321
69155
69233
69502
70121
70577
70992
71711
72661
74167
76196
77606
77888
78410
78701
78806
85267
86498
88199
89364
89578
90910
92724
94681
94931
95445
97112
97878
98747
99984
100049
101424
105423
106248
109366
109443
113111
115651
116756
116884
116980
117364
117602
121399
123506
126705
128378
129881
130056
130214
130265
130775
134664
135298
135361
135948
136442
140005
140106
142540
144291
145163
147330
147546
147691
148281
148902
149256
150832
152515
152682
153832
154438
154502
155567
155635
155683
155996
156077
157114
157837
158241
158640
162586
163359
163622
164046
164365
165145
165201
171173
172767
172773
173714
175521
176282
176613
177428
177763
178398
178471
183343
185294
185861
186223
186234
188011
188428
191507
194136
194601
194895
197664
197836
198103
199343
203580
204294
204685
207329
209178
209484
212306
215061
218371
218753
220417
221264
222439
223274
225420
225432
225855
226146
227857
228037
228787
229306
229457
229509
232860
233021
233088
233343
234587
235099
237134
238474
238547
238827
239114
240899
241055
241089
241386
243265
243358
243529
244075
246514
247232
247366
247812
250564
250965
251168
253534
255305
255360
256989
257112
258196
258290
259087
259716
261380
261771
262715
262880
263271
264043
265507
265799
266305
267499
268344
269199
269227
269370
269763
270300
271279
273474
276692
278695
279096
279406
279742
280228
281329
282041
282140
282405
283338
285499
290706
293617
293633
294333
295190
295358
295896
296624
297758
300183
301497
304225
304429
304974
306301
308155
308195
308540
309666
311263
312244
313032
315244
316783
320298
320459
323204
323284
324377
327065
327581
328460
329464
329703
330810
331588
332675
332948
334559
335130
335603
336763
338715
339239
339309
339480
340101
340264
340512
344849
345370
346390
347283
348799
349693
350438
351416
352159
353529
353882
354118
354374
354413
354677
356658
358550
359222
360322
360335
363855
365029
367850
368356
369446
369450
370133
371149
371744
371794
372502
373838
374462
375002
375192
381333
381809
382262
382605
383671
385713
386277
388388
388542
389198
389813
391839
392648
392888
393642
393845
394970
395167
396005
396280
399025
399745
400543
401183
401334
402032
403194
403879
405063
409023
409182
409839
410466
411047
413057
413515
414605
415320
416287
416355
417217
418051
419754
420178
420704
421138
421726
422794
424463
424714
425527
425581
426238
426828
427084
428082
428352
428848
429195
430983
432024
432938
435137
437002
437185
437990
440555
442373
442916
443159
443297
443302
444537
444981
446066
447552
447632
447783
448814
451447
452266
454512
454622
454692
455820
456348
457477
457857
458066
460514
462005
463644
465011
465484
466262
467080
467883
470499
471804
472219
472599
473959
474047
474457
475664
476710
477243
478466
478545
479225
480938
481175
482441
484784
486218
486699
486800
487088
487524
487829
488438
489213
489661
493281
494198
497772
497977
499255
500835
501141
501230
501715
503341
505704
507618
508429
509052
509960
510550
510930
512597
513813
514325
515702
516255
517036
517335
518153
519118
519832
520424
521748
523855
524144
525514
526375
526544
527008
527090
528999
529235
529247
529573
530720
530742
531292
532324
532573
532777
532954
534509
534768
534950
535289
535386
535936
538440
538680
542998
543438
544112
544666
546401
547541
549873
549954
550899
551017
551495
551520
551685
553699
554795
555774
556185
557827
557846
558058
561001
561265
563430
565797
565910
566842
566908
567303
569273
570978
572902
574721
574743
575659
577162
577976
578679
579420
580011
580812
581370
582990
583210
583934
584234
584515
584614
586282
587968
588123
590812
592025
593776
596383
596930
599140
600080
600301
600663
601240
601569
602528
603435
603557
604762
608566
609006
610070
610261
611360
611444
616030
617566
618066
621829
622094
622406
624056
625662
627720
629960
630155
631433
632181
633213
634625
635387
635469
636922
637381
638483
638766
638977
639314
640538
641100
641182
641978
642576
643362
643824
643979
645712
646395
647372
647413
647432
651774
655185
655532
655663
655988
656213
659004
659011
659034
659127
661101
662390
663047
663458
663664
666008
666280
666457
667657
668910
669408
671047
671860
673793
675393
675717
676149
679298
681083
682000
683861
685624
686286
686334
686921
688000
688677
690646
693855
695147
697851
703925
705454
705888
706764
707764
708313
710471
710748
711311
711911
713662
713827
713978
714691
714940
715959
716057
716360
716535
717873
718731
719553
721470
723488
723533
724405
724909
727604
727874
727938
728103
729000
729525
730097
731476
731639
731921
732042
732369
732705
733060
733256
734247
734867
735636
736219
739869
740097
743036
743251
743891
744089
744915
746365
747046
748883
748916
749056
749813
750645
750755
750794
753261
753545
755380
756210
757153
757346
758160
759083
759313
764376
767523
767929
768230
769962
771890
772432
774969
775039
775215
777358
777834
779406
779945
781060
782095
782123
784401
786803
787401
788233
788294
789241
790144
790666
790693
791624
793170
793956
794373
794384
794654
794849
795796
798195
799097
799922
801512
804925
805051
805217
805724
807932
808245
808294
810651
811262
811693
812337
814556
814699
815060
816285
816979
817860
819758
819852
823843
823876
824368
825803
826367
827051
828247
829285
829368
829461
829476
830230
830790
831948
833209
833768
834138
834995
835724
835743
835874
836335
836484
838051
839250
839589
840511
840847
842297
842330
844541
845994
846547
846696
846980
848478
849208
849688
851989
852824
853799
854118
855296
856252
857054
857910
862846
863749
864170
867897
868865
869826
870090
871093
873214
874036
874417
876972
878628
878790
878828
878840
879984
883263
885053
885720
886732
888339
889478
890137
891723
892388
893339
893564
894318
895340
898766
898771
899650
900711
901147
902079
904302
904766
905155
905660
906617
906763
906799
907120
907332
910479
911146
912047
912821
913072
913702
914448
917067
918130
920390
920717
921423
923748
924541
925337
927303
927392
927588
928870
929589
929674
930629
931867
933281
933350
933435
935040
936162
937065
937112
937571
939367
939750
941152
941273
942605
942653
943123
943924
946494
948028
948185
948707
949414
950105
950566
951994
955594
958537
958587
959416
960418
960448
960759
961502
961517
962706
962789
963712
965557
965659
965750
966078
966990
967214
969077
969135
969451
969757
971745
972393
972477
973503
974435
975603
975696
976065
977020
977600
979689
980081
981793
982830
983560
984971
985021
987110
988067
988556
988955
989224
989293
989450
991717
992344
993600
994087
995972
996402
998028
998843
999558
999610