2428
3489
3757
3861
4474
4706
5515
5659
6186
6816
7029
7099
8612
9103
10639
10639
11157
11158
11641
11685
11923
12256
12952
13312
14226
14391
14407
15011
15071
15870
16998
17075
17380
18172
18793
19051
19741
20072
20332
21620
22062
22586
23004
23036
23285
25501
25895
26025
27253
27879
27928
28901
29070
29823
30604
31318
32431
33051
33194
33815
34779
35319
35379
35861
36173
36264
36546
36975
37402
39150
39248
39273
39480
39607
39867
40369
41402
41861
44959
45349
46884
46999
47621
48557
48595
48761
48946
50542
50713
52144
52292
53746
54049
54643
54923
55342
56324
56462
56508
56538
56772
57207
57907
58711
59060
59581
59881
61146
61533
61562
61812
61895
61906
63026
63431
63773
63979
65652
66114
66285
67263
67305
67328
67936
69777
70472
70600
70845
70944
71678
71872
72231
72572
72783
73368
73601
74159
74968
75038
75825
76225
76419
76740
76751
77669
77912
78122
78280
78402
78744
78899
79065
79425
79841
79854
80424
80679
82791
83427
84117
84469
84804
85383
86184
86693
87267
87345
87361
88259
88597
89786
90252
90337
91149
91208
91562
93419
93808
94764
94835
95315
96160
97021
97326
97812
97871
98389
98503
98658
98886
99317
99398
99729
100989
101086
101198
101631
102012
102733
104760
105000
105099
105136
105378
105701
106867
107860
110419
110431
111044
111461
112004
112286
112488
112864
113180
113206
113207
113466
113511
113669
114294
114580
114929
115489
115601
116941
117276
117450
118788
118928
119240
119262
120131
120698
121634
122136
122226
122748
122803
123866
124139
124469
124567
125003
125921
126158
126331
126928
127406
128376
128493
128624
129478
129772
130364
130526
130995
131828
132425
132571
133045
133894
134340
135223
135416
136339
136940
137107
137374
137456
137743
138517
138881
140740
141074
141941
143794
144087
144109
144392
145277
146197
146526
147045
147794
148223
149050
149443
150409
150714
150717
150993
151586
151864
152407
153575
154418
154754
155304
155621
156203
157770
157931
158054
158392
158727
158798
159338
159902
160069
160382
160879
161226
161633
161734
161890
162640
162770
162774
163057
163560
164182
164469
165059
165438
165464
166743
167134
167503
168953
169943
170363
171029
171070
172007
172175
172230
172692
172715
173157
173315
173631
173865
174273
174440
174618
178106
178450
178588
178727
178756
178829
179388
180619
181601
181910
182200
183614
183691
183828
184691
184880
186038
186408
186412
187264
187671
189710
189857
190787
191734
192015
192161
192382
193046
193644
193711
194639
196263
197089
197163
198296
198704
198834
198849
199220
199708
199836
200351
200695
200706
200739
200781
200942
201105
201116
201501
201580
202655
202746
203942
204905
205108
205634
206088
206185
207056
207199
207689
208121
208515
208553
210037
210442
210626
210824
210957
211966
212042
212144
212677
212973
213027
213438
213895
214282
214544
214568
214910
216172
216868
217057
217192
217942
218129
218184
219166
219531
219957
220512
221215
221639
222390
222924
222929
223719
223889
224089
224353
225400
225457
225816
226038
226111
226150
226229
227206
227266
227402
228582
228779
228833
229118
229538
229918
230166
230708
231090
231156
232049
232228
233015
234420
235373
235727
236193
236823
237321
237412
238323
238402
238462
238901
239265
239356
240071
240101
240831
241751
242193
243903
244631
245061
245639
246068
246570
247089
247224
247550
247763
248342
249082
249135
249565
249654
250330
250774
251148
251177
251603
251913
252261
252282
252368
253453
253507
254242
254320
254463
254739
255303
255696
255887
255949
256423
256442
256824
258213
258227
258527
258764
259422
259961
260194
260359
261231
261280
262650
264046
264244
264709
265032
265171
266417
266545
267246
267991
270380
271367
271761
272166
273108
273213
273608
273629
274023
274145
274310
274622
275566
275571
275601
276143
276502
276918
277209
277433
277668
277956
278249
278733
279139
279632
281290
281737
284153
284211
284796
285014
285227
285688
286386
286459
286937
288143
288805
290635
291265
292148
292435
293395
293913
294388
295948
296410
297638
297868
298181
299973
300659
301159
301382
301966
302054
302354
303230
303670
303918
304466
304576
304612
304644
305454
305616
305705
305928
306124
306645
307525
307778
307826
308299
308585
308862
309154
309754
311639
312280
312340
312509
313444
313887
314015
314055
315531
316887
317099
317413
317787
317850
318055
318577
319171
319571
320530
320537
320716
321648
321674
322146
322575
322805
323784
323834
324483
324508
324756
325546
325628
325666
325677
325932
326926
327901
328246
330192
331321
332045
332305
332912
333393
333450
333528
333809
334002
334252
334344
335784
336378
337350
337423
338318
338485
339784
341000
341227
342556
343542
343942
344965
345568
347435
347604
347621
347762
348065
348887
349503
350580
350765
351516
351719
352326
354629
354757
355767
356726
356980
357240
358171
359802
360520
360699
360822
361179
361681
361904
362307
362514
362589
364988
365349
365404
365865
366017
366153
367418
367929
368513
369450
369636
370247
370267
370499
370859
370859
370864
371804
371919
372378
372497
373005
373094
373405
375421
375479
375821
376187
376805
377055
377249
377513
378061
378427
378634
379045
379718
380020
380297
382545
382551
382681
383118
383195
383420
383764
384060
384703
384957
385213
385214
385311
385502
386882
387771
387777
388136
388728
388918
389327
389663
393179
393876
394496
394509
394978
395322
395929
395982
396201
396402
396554
396747
396935
397091
397111
397718
398876
398895
399552
399905
400066
400735
401091
401644
402505
402673
403800
404906
405642
407515
407683
408560
408618
408814
409533
409793
410216
410410
412156
413355
414279
414492
414608
416144
417991
418346
418447
419047
420468
420921
421799
422093
422382
422711
423108
423465
423759
424331
424877
425114
425800
426027
426248
428827
429234
429630
430055
431023
431879
432032
432456
432740
434077
434584
435930
436677
437666
438153
439972
442343
443641
443774
444101
444194
444628
445718
446464
446581
446591
447477
447965
448317
448516
449716
450143
450177
450623
451869
451886
452792
452800
452803
453364
453446
453596
454048
454454
454648
454864
455634
455982
456106
456198
458572
459963
460341
460415
461170
461423
461893
461904
461954
462560
462596
463056
463599
464570
465024
465440
466480
466589
467009
467806
469266
470135
471059
471518
472624
473652
473863
474157
474263
474460
474509
474779
476379
476493
476951
477060
478071
478418
478531
479179
479289
480167
480742
481273
481785
482594
483506
483745
483923
484899
484951
485322
486084
486669
488153
488410
489247
489408
489713
490095
490774
490922
491032
491640
493076
493341
493517
494671
495061
495379
495624
496307
496613
496659
497710
498713
498899
499113
499582
500008
500078
500223
500417
501437
501672
501752
501851
502053
502352
502358
503652
503719
504247
504498
505309
505806
506880
508278
508282
508302
508318
508586
508969
509093
509199
509467
509970
510523
510843
511247
511668
512977
513976
514455
514732
514752
515717
515934
515984
516285
517131
517161
517419
517830
518043
518342
518392
518433
518456
521264
521617
521839
522788
523022
523495
523675
523702
524193
524417
524910
525078
526280
526325
527238
527756
528043
528279
528973
529041
530342
531014
531099
531731
531747
532060
533316
533377
533910
534186
534422
534904
535710
535816
535837
536519
538382
539086
539127
541039
542951
543275
543709
543980
545117
545663
546212
546336
546698
547567
549368
550318
550379
550491
551879
552231
552494
553363
553557
553665
553760
554765
556899
557242
557776
558165
558188
558378
559173
559487
560537
561056
561934
561961
562402
562433
562571
562980
563534
563686
565276
565783
565827
567102
567480
567578
568047
568309
568393
568684
569130
569807
569923
570030
570196
570914
571198
572313
572631
572882
573161
573662
573847
574183
574322
574688
575600
575648
576332
576419
576638
577684
577812
579770
580395
581039
581542
581578
582445
583644
583796
584853
585379
585435
585926
585935
586189
587406
587615
587776
588085
588629
588971
590709
592154
592162
592273
592712
593044
593443
593789
593965
594248
594866
596328
596761
597042
597103
597720
597765
598135
598442
598452
598770
598860
598944
599605
599864
600709
601453
602000
602871
603350
603954
605098
605206
605870
605931
606947
608317
608508
608931
609674
609790
611084
611332
611894
612215
612804
613410
614024
614202
615133
615628
616542
616702
617460
617903
618392
619082
619176
619675
620238
620417
620816
621264
621458
621638
622424
622562
622646
623610
623622
623791
624868
625502
625522
625637
625832
626302
626864
629772
629795
630173
630336
630464
630604
630639
630859
631513
631873
632677
633009
633139
633854
634601
635125
636194
637476
637647
637851
637896
638230
638516
639567
640194
640912
642532
643899
643966
644602
645908
646233
647086
647120
647647
648015
648296
648857
649664
649784
651334
651620
651894
652459
652663
653685
653914
654509
654741
656670
656829
657036
657902
658063
658266
658447
658693
658829
659632
660061
660619
660633
660697
661211
661720
661905
661967
662544
662572
663586
663782
663965
664025
664547
665196
665351
665417
665649
666403
666590
667732
667853
667879
668960
669431
669768
670356
670971
671453
671760
672023
672149
672867
672969
673641
673816
674656
674919
674922
674928
674975
675116
675167
675520
675869
675955
676753
676776
677004
677246
678480
678689
678808
678879
679290
679529
679721
679775
680071
680387
681211
681350
681813
681970
682252
682757
682965
683289
684544
685178
685224
685644
685977
686181
686285
686772
687552
687802
688403
689302
689473
690441
691335
691967
692245
692283
692335
692731
692804
692823
693317
693546
695150
695720
695724
696036
696112
697051
697067
697359
697608
697670
698679
698927
699551
699814
700108
701338
702152
702721
702873
703135
704878
705038
705221
706657
707524
708955
709307
709345
710190
711605
712112
712693
712786
714042
714535
715005
715057
715591
716272
716380
716666
718580
718849
719293
719318
719348
720032
720084
720258
720977
721165
721610
722726
722977
723344
723612
723687
723765
724208
724297
725202
725241
725545
725965
726662
729573
729592
730411
730634
730692
731000
731011
731119
731660
731922
732500
732830
733858
734489
734838
735003
735646
735695
736049
736854
737095
737342
737625
737726
737757
738492
739011
740722
740787
741290
741859
742136
742819
743094
743104
743291
743765
744872
746285
746313
748167
748368
748519
748775
749284
749318
749721
750206
750813
750838
751964
752769
752858
752951
755260
756073
756165
756914
757105
757237
757301
757718
758899
759630
759678
759876
760960
760996
761872
762030
762188
763338
763465
763835
763926
764028
764354
764571
765173
765242
765429
766073
766163
766648
766959
767329
767666
769221
769478
770469
771906
772111
773802
775175
775776
777226
777290
777317
777710
777963
779022
780110
780646
781054
781094
781410
781440
781665
782278
782699
783534
783581
784312
784436
784779
785017
785285
785372
786282
787034
787436
787486
787543
787586
787623
787765
787966
788283
789625
790834
791128
791862
792392
792443
792679
793117
793250
793597
794672
794677
795335
795538
797462
800132
800166
800280
800305
800328
800857
801228
801340
801379
801923
802499
805160
805370
805822
806321
806585
808108
808122
808589
808654
808766
810632
810669
810932
811207
811433
811517
811778
812654
812942
813300
814595
815382
815543
815893
817175
818240
818873
819032
819101
819951
821205
821323
821655
821710
822059
822246
822555
822865
824100
824249
825470
825915
826022
826037
826282
827167
827264
829542
829565
830511
830550
830615
830929
831315
831832
832180
832486
832867
834449
835046
835081
835381
836605
837034
837184
837686
838227
839752
839978
840173
840207
840785
840928
842759
842910
842982
843046
844063
844228
844735
844941
845459
845568
845591
845723
848280
848410
848486
848569
849193
849251
849372
849671
850711
851021
851387
851615
852711
852913
853224
854141
854715
854726
854739
855465
855537
855674
855956
856348
856385
857136
857215
857271
857370
858410
859025
859178
859483
859676
859680
860131
860996
861114
861267
861622
861719
862243
862752
862856
862909
864071
864351
864538
865921
867027
867583
867815
868226
868471
869385
869977
870507
872127
872953
873137
874085
874199
874645
874853
875386
875926
876395
876738
879040
879202
879354
879687
881414
882762
883039
883240
883621
884463
884503
884950
885957
886080
886672
886924
887034
887307
887420
887657
888435
888771
890611
890623
891981
892110
892468
892674
892965
893171
894002
896096
896999
897108
897318
897350
897370
897557
898292
898764
899019
900367
900371
900653
900770
901667
902275
902608
902709
902727
902836
902901
903022
903665
903853
904086
905542
905739
906039
907213
907231
907542
909457
909919
910325
911877
912573
912658
913023
915368
915932
917425
918956
918991
919174
920333
921149
921661
921676
922293
922558
922800
923156
923380
923643
923956
924315
924722
925170
925375
926963
926968
927685
928078
928465
929207
929727
930217
930264
930623
931041
931899
932017
932100
932232
932963
933084
933280
933773
934968
935043
935240
935370
935570
935842
936315
938704
938758
938986
939485
939798
939928
939961
939999
940122
940918
941542
941885
942205
942215
943250
943529
943537
943600
943872
943893
946827
946962
947344
947418
948848
949866
949998
950097
950729
951131
951390
951395
951442
951792
952037
953622
954188
955329
955515
955861
956547
957965
958447
959394
960072
960330
960418
962022
962854
963074
963768
963965
964609
965273
966522
966931
967402
967907
967936
967963
968229
968384
968402
968446
969363
969475
969733
970731
971063
971547
971640
971728
972568
972716
973389
973536
973746
973770
975135
976332
976467
977726
977767
978241
978543
978606
978665
980261
980497
982412
983024
983357
985122
985189
985253
985312
985726
987033
988505
988864
989533
989772
990497
991655
992708
993151
993431
993508
993518
993604
994322
994829
994920
994942
995190
995810
996070
996537
997356
997543
997788
997824
998171
998875
999075