103
375
386
598
599
628
669
751
757
988
1038
1075
1117
1185
1209
1509
1632
1643
1692
1729
1965
2417
2480
2725
2920
2942
3020
3322
3393
3589
3639
3640
3657
3735
3816
4070
4230
4256
4413
4431
4593
4787
4881
5210
5486
5544
5551
5635
5698
5712
5750
5920
6153
6198
6392
6458
6570
6720
6746
6804
6912
7044
7490
7526
7588
7977
7990
8180
8216
8476
8576
8842
8980
9226
9490
9824
10061
10275
10328
10461
10465
10592
10639
10661
10674
10694
11043
11146
11150
11165
11239
11258
11424
11674
11797
12056
12083
12587
12750
12925
13019
13030
13176
13207
13247
13266
13363
13738
13801
13929
14032
14095
14134
14434
14827
14828
14900
14903
14996
15116
15247
15279
15490
15907
15910
16065
16284
16304
16933
17023
17389
17477
17545
17576
17610
17727
17881
17932
18053
18110
18147
18148
18241
18253
18505
18583
18614
18643
18884
19456
19690
20051
20095
20160
20229
20388
20452
20778
20913
20920
20973
21112
21285
21487
21738
21789
22010
22016
22142
22331
22546
22643
22655
22677
22696
22745
22916
23094
23101
23282
23339
23656
23659
23967
24200
24340
24461
25184
25200
25322
25341
25385
25706
25798
25842
25866
26129
26135
26227
26270
26289
26587
26793
27198
27226
27515
27653
27684
27708
28028
28049
28067
28321
28838
29007
29015
29207
29214
29394
29463
29520
29570
29607
29646
29748
30316
30509
30511
30515
30592
30688
30710
30997
31105
31116
31159
31176
31225
31336
31423
31569
31677
31687
31716
31739
31827
31939
31945
32147
32184
32581
32613
32778
32934
33198
33278
33462
33827
33922
34015
34163
34184
34309
34353
34466
34508
34619
34662
34688
34734
34915
34940
35031
35133
35286
35303
35394
35495
35616
35681
35751
35884
35893
36067
36086
36221
36822
36918
37229
37393
37512
37562
37931
37956
37972
38373
38467
38514
38575
38646
38873
38902
39216
39370
39599
39601
39664
39796
39877
39880
40023
40024
40086
40104
40113
40114
40153
40235
40332
40689
40781
40841
40861
40897
40938
40958
41132
41146
41164
41303
41979
42116
42129
42151
42257
42276
43000
43112
43244
43286
43884
44223
44380
44728
44774
44814
45335
45483
45573
45667
45685
45714
45828
45854
45859
45929
46118
46216
46281
46298
46481
46485
46552
46612
46625
46931
47112
47222
47291
47367
47632
47798
47830
48305
48588
48795
48858
48862
49038
49087
49103
49128
49249
49318
49324
49378
49399
49494
49592
49762
49791
50075
50195
50299
50523
50568
51220
51221
51253
51293
51549
51741
51907
51931
52033
52386
52401
52421
52501
52874
52930
53179
53230
53238
53339
53680
53895
54335
54347
54371
54679
54916
54950
54960
55052
55174
55215
55227
55341
55678
56112
56273
56336
56340
56346
56382
56488
56531
56799
56893
56959
57142
57193
57195
57342
57505
57659
57912
58041
58063
58498
58526
58573
58757
58888
59230
59275
59341
59446
59492
59659
59744
59758
59920
59928
59933
59965
60019
60126
60156
60171
60211
60279
60333
60371
60405
60420
60525
60606
60613
60907
61002
61003
61115
61158
61194
61225
61295
61314
61372
61730
62087
62602
62651
62756
62781
63291
63415
63609
63682
63703
63747
63753
63812
63876
64266
64280
64316
64812
64994
65098
65184
65217
65586
65638
65935
66010
66084
66412
66493
66563
66620
66639
66646
66895
67041
67127
67235
67305
67306
67447
67535
67606
67638
67964
68251
68402
68561
68607
68715
68718
68760
68775
68848
68996
69109
69180
69629
69663
69919
70142
70203
70237
70244
70421
70517
70564
70600
70799
71092
71240
71330
71503
71517
71581
71730
71888
72049
72303
72740
72802
73046
73070
73102
73190
73238
73339
73381
73441
73522
73536
73558
73887
74192
74326
74469
74493
74533
74612
74741
74926
74978
75075
75109
75144
75249
75287
75401
75452
75553
75644
75649
75673
75955
75990
76073
76241
76284
76394
76418
76463
76472
76582
76895
76979
76989
76993
77103
77784
77942
78022
78049
78066
78177
78183
78536
78555
78783
78785
78934
79224
79232
79286
79317
79512
79728
79823
79863
79882
79935
80037
80052
80148
80329
80647
80669
80689
80740
80879
80960
80998
81195
81232
81389
81478
81538
81614
82207
82247
82296
82332
82386
82856
82935
83070
83185
83190
83342
83460
83516
83620
83893
84069
84120
84173
84253
84295
84333
84404
84453
84456
84814
84945
84954
85242
85318
85393
85431
85471
85474
85856
85912
85962
86146
86412
86417
86427
86464
86479
86599
86767
86799
86830
86959
87055
87074
87165
87274
87284
87727
87883
87917
88193
88403
88828
88838
89093
89123
89190
89266
89278
89411
89503
89688
89819
89944
90086
90234
90350
90658
90660
90717
90754
90836
90854
90862
90915
91039
91336
91391
91518
91669
91705
91826
91988
92048
92066
92091
92218
92725
92983
92990
93104
93275
93283
93395
93547
93585
93690
93791
93812
93969
94096
94210
94356
94608
94762
94889
95028
95428
95458
95471
95499
95618
95628
95748
95807
95884
95906
95967
96053
96250
96473
96606
96860
96864
96870
96907
96929
97029
97218
97287
97361
97471
97663
97866
98213
98258
98318
98319
98741
98765
98829
99229
99265
99318
99358
99428
99464
99536
99555
99717
99939
100019
100026
100233
100303
100668
100784
101028
101032
101155
101206
101745
101930
101974
101985
101997
102063
102091
102110
102285
102300
102515
102685
103084
103097
103570
103613
103656
104174
104290
104468
104517
104565
104567
104733
104734
104825
105037
105069
105221
105423
105710
105893
105910
106001
106104
106144
106252
106335
106373
106464
106494
106871
107017
107103
107145
107151
107180
107538
107542
107590
107628
107642
107715
107762
107765
107770
107834
107965
108462
108582
108759
108819
109083
109719
109849
109957
109976
110030
110424
110547
110548
110842
110878
111134
111211
111241
111296
111317
111569
111916
112209
112360
112533
112659
112868
112872
113131
113185
113350
113415
113454
113470
113561
113639
113666
113939
114114
114213
114227
114243
114272
114302
114392
114517
114597
114753
114860
115066
115445
115467
115485
115485
115602
115651
115888
116255
116452
116533
116537
116568
116675
116749
116759
116793
116860
117067
117083
117127
117291
117433
117466
117609
117684
118129
118163
118170
118219
118324
118430
118441
118525
118535
118536
118685
119003
119097
119269
119282
119438
119469
119562
119597
119672
119672
119695
119725
119795
120038
120098
120604
120886
120956
121129
121156
121214
121536
121643
121689
121693
121972
122149
122321
122705
122823
122831
122884
122888
123039
123149
123167
123337
123438
123528
123576
123833
123897
124044
124065
124168
124215
124413
124466
124472
124518
125320
125455
125542
125542
125664
125821
125867
125913
125957
126061
126076
126212
126418
126777
126895
126903
127271
127347
127554
127624
127867
127883
128172
128229
128416
128621
128627
128686
128693
128782
128839
128890
129031
129097
129395
129511
129528
129599
129632
129713
129855
129875
129928
130035
130040
130132
130260
130341
130369
130536
130565
130745
130897
130952
130957
131218
131310
131658
131766
131775
131869
131956
132372
132423
132583
132615
132659
133095
133332
133468
133517
133548
133559
133831
133845
134274
134334
134358
134460
134720
134808
135589
135619
135663
135672
135694
135701
135724
135856
136027
136216
136266
136346
136436
136536
136539
136563
136758
136780
136844
136950
136973
137140
137328
137408
137485
137775
138257
138316
138732
138740
138841
138947
139188
139393
139422
139780
139978
140057
140187
140192
140244
140364
140560
140681
140827
140988
140990
141067
141187
141385
141413
141539
141546
141616
141769
141784
141857
142017
142130
142132
142265
142337
142465
142535
142636
142763
142831
142854
142916
142951
143114
143202
143466
143646
143701
143766
144246
144294
144701
144770
144796
144982
144986
145111
145153
145256
145265
145467
145609
145808
145882
145964
146146
146457
146524
146543
146658
146774
146876
147054
147067
147280
147423
147427
147521
148146
148227
148299
148327
148617
148673
148699
148853
148956
149003
149649
149796
149850
150058
150162
150270
150475
150591
150661
150711
150943
151077
151118
151241
151243
151245
151313
151399
151425
151565
151686
151871
151992
152020
152168
152399
152499
152850
153061
153445
153522
153596
153635
153746
153901
153988
154193
154221
154242
154273
154294
154405
154413
154562
154694
154734
154760
154905
154930
154954
154962
155109
155117
155125
155288
155297
155513
155540
155554
155561
155781
155896
156017
156042
156233
156334
156337
156562
156592
156709
156950
157052
157356
157417
157461
157906
158095
158127
158419
158443
158628
158912
158971
159055
159355
159478
159790
159840
159945
160001
160026
160152
160191
160218
160350
160356
160407
160459
160491
160528
160604
160998
160999
161232
161233
161235
161412
161420
161573
161673
161808
161843
162089
162105
162376
162479
162651
162752
162758
163016
163072
163522
163667
163910
164242
164323
164452
164652
164802
164908
165110
165150
165424
165653
165838
166034
166079
166132
166270
166358
166431
166520
166591
166728
166868
166914
167174
167229
167241
167477
167503
167583
168334
168445
168451
168475
168573
168680
168782
168822
168912
168993
169079
169217
169274
169630
169923
170086
170191
170257
170586
170685
170708
170831
170903
171124
171131
171376
171436
171507
171629
171644
171717
171752
171792
171906
172043
172241
172517
172901
173030
173117
173318
173333
173550
173701
173952
173976
174014
174185
174221
174392
174622
175118
175143
175637
175771
176306
176353
176356
176508
176608
176854
176968
177343
177475
177798
177834
177937
178022
178148
178222
178299
178313
178417
178426
178566
178672
178826
178940
178947
178990
179008
179254
179290
179647
179762
179972
180120
180196
180205
180205
180217
180346
180646
180849
180877
180889
180920
180972
181342
181376
181377
181568
182231
182347
182510
182776
182942
182998
183263
183277
183305
183376
183384
183408
183874
183876
184519
184555
184641
184648
184763
184776
184822
184852
184932
185162
185272
185368
185596
185608
185688
185862
186062
186217
186556
186701
186780
186910
187100
187173
187388
187480
187551
187719
188091
188154
188229
188495
188587
188636
188792
189164
189215
189290
189361
189381
189458
189478
189514
189516
189530
189633
189653
189900
189913
190003
190027
190051
190177
190240
190346
190421
190463
190514
190605
190740
190880
190985
191031
191115
191134
191240
191293
191378
191442
191521
191557
191622
191816
191826
191908
192128
192171
192331
192367
192406
192691
192774
192835
192997
193024
193321
193557
193717
193938
194118
194210
194313
194331
194416
194938
195031
195120
195155
195351
195474
195526
195693
195714
195927
195985
195998
196106
196259
196579
196582
196693
196869
197103
197107
197230
197258
197572
197581
197815
198144
198683
198725
198765
199217
199435
199580
199808
200112
200143
200389
200391
200581
200701
200964
201123
201166
201260
201452
201545
201783
202054
202171
202577
202740
202772
202836
202865
203015
203048
203205
203243
203268
203293
203310
203377
203428
203627
203729
203771
204066
204394
204557
204633
204810
204896
204918
204994
205132
205170
205172
205258
205261
205545
205666
205688
205861
205916
205929
205937
206096
206226
206406
206426
206888
206960
207032
207037
207055
207622
207774
207841
207950
208127
208217
208255
208262
208399
208424
208432
208436
208517
208710
208821
208915
208970
209122
209333
209372
209395
209602
209646
209707
209868
209976
210044
210051
210064
210204
210225
210326
210400
210426
210445
210554
210563
210905
210932
210977
210993
211061
211161
211198
211218
211248
211256
211347
211421
211535
211702
211822
212043
212049
212287
212349
212438
212656
212916
213125
213152
213219
213292
213342
213495
214031
214266
214622
215019
215123
215260
215411
215436
215538
215644
215666
215669
216009
216205
216531
216602
216607
216609
216623
216730
216735
216834
216859
217212
217240
217520
217807
217816
217850
218054
218147
218285
218488
218494
218548
218653
218809
219531
219600
219679
219746
219941
219971
220095
220239
220349
220442
220718
220753
220804
220837
220886
220994
220998
221239
221296
221605
221748
221785
221901
221993
222019
222147
222393
222479
222543
222669
222689
222888
223041
223726
223748
223769
223898
223899
223920
223965
223998
224113
224197
224334
224489
224692
224715
224740
224978
225162
225338
225348
225464
225692
225703
225770
225845
225862
225935
225995
226012
226127
226150
226204
226283
226428
226517
226721
226830
227019
227428
227438
227927
228040
228300
228344
229064
229160
229174
229270
229307
229356
229378
229521
229667
230031
230048
230092
230218
230461
230650
230679
230807
230849
230903
230939
231037
231046
231151
231275
231428
231433
231492
231517
231676
231693
231788
232163
232669
233073
233163
233414
233683
233785
233905
233907
234370
234454
234468
234700
234715
234755
234767
234785
234891
234965
235094
235800
235896
235925
235927
235955
236024
236128
236166
236186
236272
236666
236901
236975
236991
237069
237118
237122
237129
237397
237497
237524
237612
237777
237870
238188
238439
238532
238566
238836
238850
239245
239298
239326
239704
239714
239972
239977
240172
240340
240490
240574
240596
240750
240874
240906
240952
241268
241500
241638
241665
242601
242703
242860
243149
243293
243396
243464
243518
243557
243596
243685
243995
244128
244299
244494
244632
244755
244765
244793
244864
244876
244950
245160
245186
245253
245336
245348
245418
245541
245545
245599
245601
245604
245606
245677
245761
245765
245948
246135
246330
246362
246458
246542
246579
246665
246846
247049
247073
247387
247753
248004
248102
248278
248333
248469
248514
248618
248654
248691
248790
248803
248842
248964
249211
249547
249595
249676
249998
250271
250271
250545
250578
250794
250993
251000
251084
251096
251099
251168
251443
251449
251523
251600
251870
251940
251957
252064
252238
252249
252389
252423
252475
252783
252862
252893
252993
253062
253163
253271
253314
253471
253570
253721
253754
253825
253845
253854
254027
254105
254553
254798
254805
254894
255006
255155
255225
255868
255994
256470
256505
256540
256568
256618
257128
257164
257665
257736
257752
258184
258292
258483
258537
258630
258654
258654
258683
258743
258773
259501
259519
259757
260022
260092
260390
260405
260472
260494
260497
260638
260788
260916
260917
261065
261511
261538
261652
261664
261685
261799
261834
261866
262069
262113
262212
262385
262577
262655
262669
262693
262806
262910
262960
263319
263476
263605
263645
263649
264068
264366
264583
264657
264807
265004
265153
265167
265349
265447
265573
265576
265604
265722
265749
265832
265902
266005
266430
266457
266625
266766
267050
267569
267604
267650
267750
267952
268011
268165
268198
268236
268257
268291
268316
268415
268518
268588
268696
268805
268876
268882
268956
269198
269430
269489
269652
269992
270141
270273
270396
270476
270795
270949
270965
271012
271151
271252
271281
271289
271316
271638
271730
271773
271810
271828
272030
272294
272359
272593
272738
272793
272824
273249
273300
273313
273450
273622
273740
273985
273986
274573
274973
275069
275268
275347
275614
275616
275869
275921
275927
276245
276295
276340
276414
276468
276544
276597
276689
276700
276711
276942
276990
277247
277399
277514
277530
277677
277758
277795
278216
278273
278404
278537
278692
278698
278745
278777
278797
279018
279209
279390
279401
279648
279668
279679
279781
279821
279873
280111
280272
280404
280405
280425
280569
281060
281376
281497
281536
281641
281804
281930
282092
282232
282323
282489
282495
282524
282541
282558
282660
282674
282681
283157
283279
283343
283424
283442
283702
283767
283846
283975
284174
284268
284320
284387
284567
284784
284791
284852
285298
285536
285557
285641
285789
285888
286029
286050
286117
286134
286486
287006
287031
287256
287395
287442
287836
288058
288105
288631
288644
288647
288829
288940
288984
289202
289602
289638
289687
289757
289869
289944
290003
290080
290122
290122
290229
290230
290486
290488
290581
290891
291057
291135
291248
291309
291320
291322
291432
291561
291745
291953
292033
292284
292469
292530
292601
292633
292653
292990
293239
293434
293513
293581
293647
293657
293843
293882
293978
294137
294249
294253
294275
294367
294396
294413
294434
294851
294856
294856
295301
295701
295741
295998
296165
296347
296503
296570
296726
296971
297026
297075
297265
297381
297393
297632
297632
297674
297735
297762
297813
298148
298391
298430
298469
298541
298576
298584
298586
298624
298734
299200
299290
299297
299403
299466
299538
299600
299623
299761
299944
300035
300090
300218
300287
300675
300762
300788
301118
301132
301246
301419
301457
301527
301600
301843
302050
302251
302293
302577
302648
302666
302877
303043
303128
303183
303205
303254
303415
303787
303827
303892
303984
304043
304121
304194
304197
304611
304745
304757
304767
305116
305423
305493
305613
305780
305797
305814
305891
306129
306166
306176
306196
306248
306306
306678
306785
306832
306863
306881
307168
307510
307609
307671
307807
307898
307939
308436
308596
308776
308820
309144
309191
309274
309334
309435
309881
309918
309950
310046
310098
310120
310237
310369
310454
310464
310567
310673
311100
311350
311580
311622
311636
311750
311890
311916
311982
312005
312146
312182
312206
312233
312327
312367
312609
312663
312951
312990
313154
313202
313235
313282
313414
313449
313558
313579
313728
313765
313816
313949
314126
314302
314378
314667
314834
314849
314992
315246
315371
315531
315566
316136
316429
316501
316601
316775
317135
317193
317291
317507
317579
317903
317903
317934
318000
318062
318261
318285
318382
318468
318489
318514
318750
318834
319102
319202
319219
319250
319547
319792
319836
319946
320091
320102
320282
320284
320687
320709
320725
320751
320900
320958
321028
321355
321395
321597
321664
321683
321764
321810
321825
321960
322049
322151
322330
322473
322649
322657
322833
323020
323392
323421
323466
323578
323737
323769
323970
324030
324046
324089
324227
324328
324825
325038
325097
325192
325244
325253
325269
325427
325733
325816
325832
326007
326064
326212
326219
326315
326444
326496
326513
326536
326615
326881
326900
326915
327202
327227
327389
327439
327747
327902
328037
328051
328137
328546
328636
328748
328769
328844
329203
329232
329407
329412
329461
329533
329724
329797
329894
329956
330078
330408
330588
330699
330935
331290
331560
331741
331805
331807
331866
332040
332075
332349
332530
332674
332784
332853
333018
333492
333542
333568
333789
334308
334450
334639
334902
335001
335299
335412
335436
335482
335771
336082
336131
336336
336388
336450
336478
336522
336693
336744
336809
336925
336968
337023
337072
337163
337167
337245
337290
337354
337544
337550
337696
337792
337985
338285
338322
338386
338534
338764
338828
338939
339273
339460
339676
339898
339916
339957
339981
340026
340221
340236
340331
340418
340856
341002
341113
341171
341234
341308
341331
341443
341519
341671
342048
342158
342398
342434
342816
342844
342847
343150
343339
343361
343528
343769
343806
343934
343969
344065
344219
344319
344354
344516
344668
344857
344981
345511
345554
345556
345604
345695
345712
345842
345991
346204
346302
346481
346609
346627
346642
346820
346919
346936
346940
346948
347197
347561
347802
347805
347831
347835
347970
348063
348177
348203
348264
348311
348486
348629
348661
348754
348754
348775
348958
349048
349196
349655
349907
350022
350077
350262
350280
350306
350461
350568
350604
350616
350738
350963
350991
351002
351226
351334
351366
351421
351506
351683
351923
351942
352001
352085
352263
352776
352856
352867
352901
352965
352996
353001
353025
353092
353174
353258
353278
353353
353443
353476
353554
353603
353624
353667
353668
353789
353943
353992
354023
354130
354515
354581
354672
354675
354703
354958
355104
355215
355347
355485
355527
355588
355612
355791
355825
356280
356395
356427
356856
356988
357199
357293
357315
357427
357547
357653
357719
357855
357930
358004
358191
358487
358491
358528
358553
358619
358818
358887
359052
359333
359353
359359
359658
360059
360077
360134
360193
360223
360238
360271
360325
360363
360492
360729
360736
360751
360963
361033
361179
361216
361247
361326
361476
361538
361679
361788
362113
362144
362343
362674
362695
362702
362861
363058
363475
363629
363828
364190
364210
364269
364332
364682
364770
364899
365062
365198
365390
365390
365435
365682
365832
365844
365922
366171
366175
366225
366396
366527
366641
366653
366683
366704
366825
366908
367181
367269
367392
367464
367602
367817
367830
367881
368006
368320
368379
368398
368680
368698
368842
368945
368982
369286
369430
369563
369670
369721
370076
370320
370486
370489
370546
370564
370602
370957
371245
371376
371492
371547
371678
371757
371997
372042
372309
372321
372415
372444
372502
372803
372964
373006
373074
373188
373551
373785
373787
373799
374107
374392
374434
374541
374647
374662
375048
375081
375126
375150
375329
376162
376164
376168
376168
376181
376347
376454
376565
376702
376822
376983
377124
377135
377326
377385
377505
377707
377743
377781
377793
377864
377928
378042
378058
378361
378890
378950
379152
379154
379243
379383
379437
379482
379577
379786
379837
379943
380003
380077
380254
380391
380469
380656
380686
380694
381211
381498
381666
381860
382051
382403
382513
382798
382872
383027
383039
383363
383383
383414
383443
383659
383696
384298
384485
384541
385409
385529
385743
385806
385811
385908
386048
386179
386505
386574
386762
386793
386820
386916
387014
387041
387088
387239
387370
387446
387546
387625
387916
388216
388238
388342
388353
388418
388554
388705
388766
388770
388850
389121
389915
390032
390124
390162
390439
390664
390738
390739
391315
391624
391679
392097
392282
392350
392713
392924
393013
393088
393275
393837
394018
394326
394354
394564
394575
394764
394824
394852
394978
395420
395446
395542
395568
395602
395686
395878
395973
396076
396121
396131
396411
396565
396820
396830
396904
397087
397134
397206
397506
397551
397774
397915
397977
398383
398492
398592
398692
398737
398787
399072
399150
399173
399262
399429
399446
399672
399673
399704
399767
399973
400001
400169
400197
400218
400219
400360
400536
400572
400580
400590
400699
400725
401212
401252
401342
401554
401583
401669
401896
402211
402319
402486
402544
402631
402640
402665
402839
402932
403117
403264
403935
403954
404120
404121
404154
404160
404171
404219
404333
404337
404601
404713
404773
404889
404953
405117
405212
405247
405374
405375
405461
405523
405567
405569
405580
405609
405612
405625
405796
405883
405932
406314
406598
406671
406749
406756
406794
406992
407033
407091
407212
407218
407369
407405
407945
408065
408101
408209
408463
408617
408661
408662
408687
408787
409260
409322
409532
409749
409812
409904
410017
410362
410431
410483
410534
410774
411037
411043
411389
411635
411726
411812
411838
412067
412121
412210
412266
412334
412626
412660
412788
412859
412867
412879
412890
412905
413089
413341
413390
413426
413582
413612
413880
413892
413956
414062
414170
414231
414277
414289
414346
414607
415268
415572
415633
415889
415941
416202
416256
416393
416435
416580
416612
416816
416947
416997
417161
417168
417314
417331
417586
417723
417765
417866
417998
418264
418395
418504
418757
419535
419547
419630
419695
419700
419716
419755
419777
420136
420272
420426
420633
420709
420810
420882
420919
421121
421203
421455
421478
421498
421532
421540
421708
421753
421796
421866
421938
421948
422014
422113
422178
422183
422274
422373
422439
422730
422850
422872
422931
422998
423093
423301
423467
423775
423830
423982
424125
424159
424294
424391
424393
424755
424786
424817
424847
424943
425059
425106
425166
425325
425477
425510
425560
425934
425945
426290
426428
426619
426672
426849
426976
427012
427065
427216
427291
427563
427579
427631
428263
428677
428786
428958
428962
428998
429000
429077
429109
429161
429437
429458
429543
429737
429894
429936
430002
430392
430426
430434
430552
430702
430748
430823
430840
430895
430987
431012
431087
431393
431405
431465
431906
431974
432305
432320
432597
432678
432822
433034
433034
433104
433205
433245
433499
433943
434058
434068
434480
434504
434547
434551
434729
434915
435037
435111
435243
435247
435276
435445
435559
435995
436088
436474
436494
436527
436527
436541
436549
436707
436809
436882
436894
437119
437291
437476
437851
437863
437917
437946
437982
438006
438160
438199
438245
438254
438820
438845
438996
439129
439219
439332
439520
439662
439720
439762
439974
440126
440152
440313
440351
440404
440649
440843
440941
441025
441114
441130
441386
441775
441786
441880
442120
442152
442343
442347
442455
442493
442579
442641
443111
443237
443385
443415
443467
443498
443691
443708
443891
443892
443897
444093
444111
444169
444187
444199
444331
444430
444472
444633
445133
445195
445291
445353
445361
445601
445641
445853
446501
446616
446617
446646
446667
447381
447469
447491
447506
447732
447954
447975
448081
448194
448225
448228
448355
448418
448461
448564
448567
448632
448727
448964
449021
449178
449294
449532
449561
449663
449689
449698
449766
450100
450125
450162
450489
450496
450569
451008
451039
451444
451544
451620
451789
451963
452489
452599
452664
452851
452953
453305
453325
453388
453530
453612
453705
453832
453928
454038
454312
454421
454451
454483
454698
454811
455091
455163
455357
455388
455428
455437
455676
455689
455849
455938
455988
456018
456028
456358
456402
456421
456698
456942
457059
457157
457184
457417
457464
457598
457667
457711
457916
457919
458046
458360
458552
458595
458598
458601
458667
458899
459003
459220
459243
459515
459584
459615
459776
459868
459947
460222
460370
460479
460578
460650
460701
460708
460809
460976
461035
461469
461509
461544
461698
462536
462666
462796
462817
462832
462985
463015
463406
463445
463849
463956
463973
464091
464096
464117
464226
464557
464592
464593
464642
464670
464785
465050
465088
465252
465317
465483
465518
465567
465838
465859
465865
466023
466268
466428
466429
466550
466690
467388
467597
467717
468009
468197
468294
468299
468403
468522
468536
468579
468601
468620
468705
468779
468845
469139
469221
469349
469483
469491
469670
469813
469846
469858
469875
470148
470290
470443
470455
470497
470836
471072
471075
471270
471442
471457
471714
471951
471957
472321
472513
473318
473362
473393
473603
473663
473869
473876
474119
474238
474252
474599
474705
474894
475330
475375
475644
475902
476029
476721
476726
476926
477338
477494
477875
477880
478067
478090
478133
478143
478148
478235
478401
478481
478527
478620
478664
479186
479294
479315
479338
479388
479478
479571
479632
479792
479936
480268
480469
480642
480684
480943
481432
481445
481492
481498
481696
481730
481741
481764
481944
481984
482188
482379
482397
482455
482605
482786
482864
483542
483683
483725
483729
483791
483826
483920
484017
484092
484119
484298
484336
484579
484646
484675
484692
484774
484820
484861
484952
484957
485163
485568
485599
485600
485651
485668
485792
485808
486010
486446
486456
486490
486686
486722
487168
487539
487579
487951
488397
488453
488542
488663
488720
488815
488967
489022
489033
489036
489210
489266
489310
489517
489521
489557
489558
489641
489813
489838
490082
490102
490122
490208
490248
490728
490809
490811
490839
490862
490902
490918
490936
491111
491253
491524
491636
491641
491871
492490
492590
493121
493190
493341
493387
493527
493632
493641
493684
493715
493717
493865
494384
494422
494503
494533
494597
494746
494785
494811
494889
494927
494929
495033
495055
495116
495228
495285
495353
495506
495746
495978
495992
496111
496347
496350
496382
496537
496572
496653
496707
496778
496902
496902
497013
497060
497499
497739
497898
498328
498546
498652
498653
498785
498805
498875
498977
499086
499229
499309
499375
499494
499821
499847
499957
500221
500374
500379
500511
500526
500583
500697
500852
501026
501115
501230
501252
501321
501334
501489
501551
501615
501716
502146
502214
502688
502807
502850
502912
502959
503577
503640
503714
503927
504214
504416
504577
504598
504799
505673
505727
506029
506048
506064
506254
506450
506484
506516
506786
506980
507002
507072
507162
507246
507304
507316
507355
507375
507429
507585
507683
507845
508110
508305
508353
508403
508480
508493
508565
508568
508755
508854
509478
509691
509726
509895
509951
510003
510008
510259
510680
510688
510766
510806
510924
511131
511618
511824
513019
513056
513094
513140
513402
513415
513429
513444
513490
513518
513628
513629
513683
513688
513874
513975
514372
514374
514559
514597
514855
514896
514978
514985
515039
515126
515137
515356
515588
515626
515843
516006
516229
516255
516510
516667
516748
516883
516925
516948
516953
517450
517486
517859
518172
518224
518286
518447
518546
518593
518738
518795
518821
518976
519010
519060
519082
519093
519149
519183
519430
519643
519725
519777
519843
519905
519933
519993
520084
520091
520103
520117
520229
520271
520369
520389
520446
520685
520779
520875
521224
521348
521486
521490
521571
521632
521670
521801
521978
522016
522023
522038
522093
522323
522435
522487
522496
522526
522547
522901
523022
523033
523055
523070
523224
523257
523331
523340
523462
523493
523762
524020
524161
524210
524240
524349
524403
524444
524629
524776
524971
525015
525051
525104
525292
525376
526125
526142
526157
526247
526331
526457
526550
526653
526770
527387
527679
527913
527947
528121
528268
528330
528336
528639
528701
528763
528952
529056
529069
529149
529156
529174
529453
529693
530352
530514
530536
530618
531010
531080
531341
531373
531483
531903
531903
531909
531987
532004
532037
532078
532209
532388
532679
532697
532710
532752
532756
532758
532768
532908
533065
533112
533125
533369
533623
533802
533869
534208
534236
534283
534288
534307
534389
534597
534736
534755
535035
535238
535259
535660
535967
535988
536064
536172
536202
536550
536843
537042
537050
537071
537124
537139
537143
537196
537361
537442
537723
537989
538486
538561
538633
538741
538888
539029
539075
539429
539497
539708
540023
540029
540299
540374
540475
540602
540679
540728
540915
541061
541114
541177
541498
541520
541522
541634
541717
541722
541831
541898
541913
541936
542070
542109
542184
542200
542291
542440
542512
542538
542710
542715
542746
542885
542938
543286
543389
543542
543693
543773
543808
543909
543931
543942
544223
544381
544470
544587
544647
544656
544711
544926
545011
545148
545192
545222
545628
545706
545733
546380
546390
546410
546416
546476
546580
546625
546658
546751
546755
547260
547477
547682
547697
547730
547864
547879
547907
547916
548374
548767
548809
548903
548971
549245
549249
549278
549351
549354
549387
549620
549672
549681
549691
549716
550101
550117
550121
550949
550969
551070
551102
551223
551255
551386
551390
551452
551497
551520
551612
551727
551906
551958
552174
552220
552223
552650
553239
553268
553341
553573
553814
553832
553890
553931
554454
554559
554638
554754
554757
554765
554827
554856
554911
555088
555540
555560
555620
556183
556496
556646
556647
556690
556836
557004
557097
557227
557233
557517
557727
557920
558445
558524
558524
558613
558621
558635
558705
558720
558893
558893
558959
558993
559216
559249
559357
559369
559631
559819
559939
559967
560025
560049
560206
560436
560564
560882
560953
561012
561024
561151
561349
561392
561493
561587
561678
561771
561909
561910
561925
561936
562066
562127
562145
562263
562304
562421
562578
562724
562922
562931
563062
563130
563139
563252
563379
563447
563501
563531
563618
563664
563668
563716
563786
563893
563944
563966
564028
564558
564724
564924
565055
565076
565452
565548
565624
565639
565953
566153
566251
566355
566549
566655
566679
567087
567111
567233
567430
567603
567865
567946
567994
567999
568005
568215
568247
568390
568501
568562
568831
569177
569326
569338
569361
569407
569732
569790
569891
570112
570207
571095
571165
571215
571354
571459
571558
571635
571760
571912
571958
572294
572301
572323
572381
572638
572890
573082
573163
573175
573200
573432
573588
573766
573867
573968
574039
574240
574290
574421
574797
574800
574831
574855
575113
575573
575785
575899
575903
575909
575991
576145
576157
576239
576255
576455
576541
576579
576641
576690
576813
576860
576875
577051
577168
577300
577301
577696
578057
578329
578375
578632
578632
578661
578813
578826
578926
578935
579008
579104
579107
579133
579401
579518
579555
579678
580063
580450
580581
580745
580765
580778
580842
580867
580931
581001
581299
581326
581351
581398
581485
581879
582042
582245
582764
582799
582848
582854
583040
583141
583182
583331
583602
583811
584196
584351
584379
584417
584650
584800
584917
584970
585077
585472
585474
585588
585887
585899
585999
586068
586117
586131
586160
586215
586258
586427
586566
586683
586904
586914
587134
587159
587161
587189
587305
587316
587348
587613
587658
587725
587872
587912
587916
588001
588071
588140
588382
588481
588542
588672
588876
588976
589100
589154
589180
589199
589369
589869
590063
590210
590594
590661
590730
590794
590964
590973
591148
591737
591890
591985
592079
592127
592186
592447
592597
592614
592646
592984
593085
593159
593221
593331
593626
594023
594173
594294
594301
594417
594442
594574
594581
594588
594725
594842
595051
595176
595202
595452
595484
595614
595634
595688
595699
595759
595762
595824
595961
596029
596426
596463
596481
596495
596512
596526
596562
596578
596770
596780
597036
597150
597232
597343
597520
597973
598202
598234
598288
598348
598546
598718
598771
599132
599632
599643
599668
599795
600104
600430
600485
600527
600553
600584
600712
600845
600882
600943
601793
601945
601999
602030
602046
602447
602551
602557
602605
602766
602842
603240
603321
603546
603665
603708
603790
603883
604000
604025
604319
604391
604584
604718
605042
605130
605216
605773
605785
605804
605814
605945
605979
606273
606352
606412
606423
606584
606731
606793
606962
607122
607186
607296
607357
607526
607548
607595
607685
608248
608408
608463
608480
608839
608950
608996
609091
609201
609244
609291
610044
610101
610325
610377
610539
610552
610566
610688
610893
610966
610988
610988
610998
611008
611050
611060
611189
611368
611395
611946
612160
612268
612375
612452
612479
612499
612656
612748
612756
612866
612887
612917
612955
612965
613053
613669
613804
614323
614358
614582
614647
614670
614875
614946
615078
615079
615342
615602
615701
615900
615903
616164
616542
616596
616681
616736
616982
617068
617094
617165
617441
617560
617592
617643
617795
617838
617846
617916
618182
618221
618368
618450
618466
618524
618527
618532
618558
618798
618888
618896
618940
619231
619280
619505
619916
619949
620323
620514
620524
620524
620756
621031
621037
621119
621804
622210
622244
622325
622655
622668
622719
623285
623333
623474
624147
624199
624303
624576
624754
624767
624864
624949
624996
625063
625099
625281
625299
625375
625575
625633
625902
625908
626001
626612
626773
627094
627137
627158
627231
627244
627483
627754
627915
627981
628022
628090
628239
628598
628650
628914
629370
629373
629493
629507
629535
629815
629822
629837
629910
630078
630112
630165
630223
630396
630444
630453
630581
630613
630773
630864
631193
631374
631480
631637
631938
632026
632223
632419
632443
632740
633020
633314
633396
633915
633940
633976
634093
634168
634415
634460
634660
634802
634854
634904
634976
635065
635179
635266
635347
635452
635567
635606
635636
635690
635728
635838
635919
636042
636124
636442
636448
636519
636710
636751
637306
637364
637436
637478
637746
637892
637896
638019
638069
638168
638170
638240
638311
638318
638710
638721
638728
638820
638836
638907
638952
639049
639070
639285
639341
639515
639770
639830
639837
640000
640024
640054
640072
640267
640367
640397
640486
640677
641233
641785
641803
642090
642118
643029
643047
643298
643361
643426
643522
643548
643869
644125
644158
644260
644321
644560
645116
645390
645559
645888
645910
645943
645984
646133
646177
646233
646324
646332
646453
646585
646628
646637
646707
646809
646964
646998
647062
647095
647332
647364
647424
647435
647493
648062
648317
648603
648750
649119
649220
649294
649511
649587
649594
649825
649862
650044
650080
650207
650363
650870
651015
651227
651546
651630
651660
651700
651708
651824
651853
651911
652098
652157
652403
652507
652571
652710
652734
652752
652815
652931
652944
652963
653143
653197
653247
653308
653530
653651
653691
653872
653941
654108
654139
654169
654198
654422
654539
654546
654679
654682
654807
654939
654954
655075
655240
655597
655640
655802
656216
656327
656357
656416
656451
656521
656791
656874
656894
656977
657097
657124
657164
657182
657253
657292
657431
657466
657499
657631
657666
657756
657861
657949
658338
658362
658495
658653
658763
658942
659024
659144
659228
659328
659329
659457
659653
659691
659793
659823
660144
660174
660233
660456
660505
660586
660703
660724
660740
660742
661074
661166
661245
661262
661291
661516
661587
661611
661803
661956
662195
662256
662367
662569
662720
662739
662764
662826
662833
662853
663037
663206
663312
663319
663504
663534
663578
663675
664391
664547
664607
664713
664744
664791
664806
664824
664830
664881
664897
665060
665200
665204
665217
665704
665751
665783
665870
665922
666150
666205
666283
666418
666451
666653
666755
666821
667012
667052
667174
667254
667295
667325
667778
667848
667934
668091
668118
668182
668432
668474
668661
668679
668715
668750
668838
668850
668868
668911
668993
669038
669039
669113
669352
669473
669619
669788
669824
669911
669946
670235
670496
670681
670694
670888
670924
670979
671203
671266
671487
671601
671629
671667
671775
671776
671853
671926
671951
672167
672343
672451
672656
672850
672860
672976
673017
673079
673254
673280
673309
673721
674150
674202
674302
674637
674641
674729
674830
674985
675022
675130
675278
675279
675443
675521
675682
675690
675991
676115
676121
676233
676353
676765
676891
676980
676981
677031
677089
677166
677426
677547
677598
677712
677846
677848
677973
678009
678179
678314
678360
678381
679010
679068
679123
679547
679642
679720
679829
679964
680008
680246
680248
680481
680671
680983
681104
681143
681154
681500
681585
681616
681619
681654
681692
681760
681794
681802
681948
681981
682344
682405
682595
682737
682747
682898
683036
683631
683642
683776
683936
683940
683963
684014
684067
684231
684280
684422
684426
684436
684450
684664
684723
684763
684863
684876
684957
684990
685151
685213
685447
685623
685773
685874
686093
686112
686259
686569
686714
686808
686997
687021
687045
687168
687379
687597
687665
687704
687875
687883
688130
688198
688262
688470
688506
688576
688780
688835
688858
688876
688944
689283
689524
689738
689856
689976
690167
690198
690231
690361
690503
690607
690659
690753
690867
691273
691334
691345
691616
691712
691786
691866
692105
692213
692415
692678
692715
692996
693033
693312
693436
693466
693877
693949
694277
694312
694403
694546
694583
694776
694778
694877
695120
695288
695406
695547
695562
695584
695596
695605
695623
696006
696010
696198
696407
696705
696815
696861
697139
697168
697390
697523
697573
697598
697824
697881
697978
698072
698336
698352
698382
698448
698583
698594
698873
698876
699029
699104
699346
699396
699452
699625
699850
700154
700320
700594
700618
700664
701407
701762
701920
702001
702043
702171
702476
702505
702664
702671
702746
702876
702904
703214
703319
703338
703417
703457
703462
703491
703515
703718
704104
704179
704374
704704
704787
704889
704940
704974
705410
705458
705571
705626
705663
705742
705765
705789
705789
705919
706124
706557
706588
706605
706673
706709
706781
706913
706939
707007
707124
707614
707671
707901
707921
707935
707978
707986
708250
708405
708624
708720
708980
709723
709738
709877
710016
710075
710277
710800
710896
710972
711026
711033
711198
711213
711250
711296
711311
711370
711469
711719
711746
712118
712192
712282
712322
712362
712611
712621
712715
712776
712835
713107
713305
713306
713328
713410
713560
713757
713839
714085
714282
714299
714328
714397
714448
714504
714907
715085
715125
715245
715348
715390
715403
715546
715624
715657
715926
716009
716062
716070
716193
716247
716539
716745
716938
717251
717273
717375
717463
717467
717480
717520
717526
717603
717635
717639
718165
718365
718538
718566
718671
718744
718754
718828
718850
719139
719243
719294
719434
719439
719477
719737
719768
719780
719809
719825
719848
719969
720008
720032
720068
720088
720140
720149
720208
720446
720581
720996
721054
721101
721153
721213
721456
721504
721774
721818
722145
722379
722429
722679
722714
722760
722829
722881
722948
723493
723631
723766
724178
724393
724465
724475
724493
724500
724545
724641
724682
724867
725153
725292
725299
725696
726028
726147
726218
726464
726467
726492
726517
726671
726928
727204
727355
727386
727459
727519
727621
727643
727651
727688
727733
728042
728135
728261
728281
728482
728547
728822
729040
729090
729093
729208
729267
729553
729612
729673
729718
729958
729968
730079
730103
730148
730162
730229
730367
730608
730611
730744
730835
731060
731147
731313
731436
731737
731825
731855
732460
732512
732739
732807
732824
732884
732910
733064
733119
733121
733261
733425
733780
733925
734055
734073
734288
734371
734449
734456
734599
734675
734712
734769
734823
734884
735085
735472
735537
735550
735593
735658
735875
736052
736161
736183
736199
736219
736424
736901
736917
737157
737673
737721
738139
738248
738556
738603
738848
738914
739227
739330
739423
739467
739531
739568
739800
740484
740506
740513
740650
740685
740985
741039
741155
741313
741403
741555
741626
741753
741961
742011
742786
742875
742969
743099
743191
743319
743414
743439
743807
743947
743979
744087
744315
744356
744555
744740
744760
744891
745151
745337
745668
745770
745778
745927
745963
746307
746486
746546
746837
746839
747009
747096
747163
747293
747318
747401
747534
747618
747701
747941
747959
748049
748136
748143
748314
748330
748514
748836
748965
749094
749638
749656
749924
750206
750391
750675
750764
750835
750949
750957
750975
751262
751274
751474
751694
751757
752114
752320
752399
752406
752505
752554
752618
752713
752740
753093
753133
753194
753231
753250
753300
753308
753320
753353
754072
754115
754162
754337
754348
754363
754375
754538
754642
754703
754715
754897
755014
755016
755116
755133
755411
755451
755589
755831
755925
756136
756154
756500
756555
756844
756891
757003
757105
757127
757207
757250
757523
757559
757571
757730
757735
757770
757789
757917
758419
758482
758553
758658
758738
758793
758811
758836
759095
759096
759242
759264
759325
759405
759693
759770
759840
760037
760134
760173
760210
760388
760545
760549
760599
760749
760867
760884
761291
761321
761435
761460
761771
761911
762027
762110
762152
762232
762267
762442
762547
762632
762668
762683
762872
762968
763268
763342
763365
763501
763558
763605
763808
763977
764476
764666
764688
764700
764729
764746
765243
765338
765339
765362
765629
765965
765995
766058
766107
766142
766628
766643
766692
766839
766910
766928
766966
767039
767056
767165
767432
767810
767932
767987
768053
768260
768396
768519
768673
768680
768752
768820
768826
768857
768902
769021
769098
769432
769643
769673
769711
769884
770481
770710
770876
770906
770992
771079
771264
771512
771515
771808
771896
772205
772252
772345
772377
772449
772733
772941
772954
772996
773009
773392
773429
773648
773721
773748
774279
774303
774470
774489
774621
774699
774883
775471
775489
775516
775559
775619
775688
775758
775858
776196
776572
776666
776813
776899
776997
777090
777162
777199
777229
777262
777543
777571
777786
777808
777890
777963
778069
778185
778419
778421
778462
778558
778650
778658
778706
778843
779100
779253
779270
779371
779411
779553
779736
779840
779862
779870
779896
780393
780746
780870
780951
780953
780985
781028
781080
781223
781487
781686
781779
781864
782248
782321
782376
782735
782748
782797
783032
783448
783464
783749
784008
784106
784258
784841
784855
785312
785417
785432
785437
785577
785596
785722
785840
786070
786172
786263
786642
786678
786700
787025
787189
787326
787342
787353
787379
787720
787762
787788
787874
788483
788486
788554
788769
789049
789090
789136
789311
789329
789331
789457
789569
789610
789673
789718
789879
789910
789948
790171
790189
790398
790752
791006
791482
791505
791685
791802
791828
791897
792035
792162
792272
792364
792517
792566
792643
792814
792998
793050
793873
793942
793985
794052
794167
794361
794389
794395
794590
794932
795014
795059
795137
795238
795392
795934
795987
795995
796041
796060
796159
796164
796205
796241
796306
796532
796534
796864
796976
797012
797013
797101
797103
797166
797211
797212
797235
797309
797415
797481
797534
797643
797779
797824
797827
797978
797987
798080
798289
798307
798372
798541
798739
799104
799200
799335
799454
799508
799549
799835
799858
799907
800006
800080
800294
800300
800383
800864
801330
801468
801486
801733
801823
801838
802645
802820
802825
802905
802924
803378
803446
803476
803635
803687
803693
804114
804144
804179
804236
804413
804553
804791
804963
805277
805562
805627
805701
805823
805849
805858
805891
805975
806001
806026
806115
806220
806374
806397
806432
806468
806544
806556
806804
806862
807069
807223
807230
808026
808134
808173
808453
808657
808699
808775
808808
808968
808997
809060
809407
809426
809631
809845
810047
810087
810194
810305
810381
810386
810404
810484
810489
810513
810585
810719
810790
810864
810876
810894
810987
811215
811364
811615
811953
812056
812230
812297
812298
812648
812929
813120
813408
813508
813722
813828
814001
814210
814253
814327
814525
814771
814819
815164
815293
815461
815765
815786
815904
816354
816378
816414
816430
816749
816796
816852
816870
817027
817118
817207
817260
817416
817465
817496
817555
817709
817830
818020
818108
818121
818250
818341
818381
818382
818565
818693
818776
818876
819118
819192
819233
819413
819552
819578
819582
819661
819784
819954
820052
820612
820747
820793
821112
821154
821347
821568
821796
821866
821914
821966
822039
822142
822258
822304
822436
822464
822567
822617
822755
822806
822951
822984
823013
823045
823052
823953
823956
824017
824133
824268
824278
824347
824499
824851
824860
824903
825119
825306
825522
825946
825957
826011
826144
826154
826220
826267
826411
826554
826580
826587
826598
826605
826863
827045
827181
827270
827281
827415
827889
828044
828510
828531
828633
828975
829123
829160
829565
829624
829710
830011
830427
830447
831079
831159
831283
831398
831420
831488
831712
831812
832204
832379
832611
832795
832927
832962
833382
833514
833710
833836
833877
833886
834089
834320
834358
834465
834550
834781
834803
834980
835143
835183
835407
835637
836006
836428
836575
836609
836714
836747
836815
836883
836888
836946
837529
837698
837975
838009
838312
838336
838448
838532
838684
838827
839166
839231
839233
839255
839381
839489
839517
839797
840000
840146
840423
840438
840509
840595
840716
840970
841015
841095
841136
841201
841358
841594
841624
841674
841763
841853
841989
842082
842090
842312
842372
842422
842463
842833
843005
843105
843155
843268
843382
843413
843617
843662
843835
843867
844081
844153
844179
844197
844829
844839
845019
845041
845116
845202
845247
845261
845318
845403
845500
845567
845647
845910
846002
846204
846242
846490
846633
846653
846716
846781
846851
846917
846973
847182
847291
847304
847482
847798
847813
847932
847937
848063
848078
848086
848265
848536
848653
848828
848860
848973
849150
849238
849268
849326
849488
849515
849556
849620
849644
849732
849937
850037
850052
850106
850383
850552
850772
850786
850849
851013
851096
851161
851178
851391
851417
851602
851669
851823
852026
852070
852167
852323
852416
852417
852520
852582
852590
852634
852662
852748
853110
853139
853180
853320
853625
854226
854566
854642
854693
854714
855303
855426
855465
855589
855637
856002
856019
856222
856298
856589
856618
856791
856981
856997
857251
857340
857377
857530
857603
857603
857683
857718
858076
858105
858307
858456
858566
858719
858726
858769
858782
859202
859636
859671
859765
859813
859842
860061
860151
860257
860618
860651
860803
861130
861215
861249
861331
861394
861533
861570
861906
861947
862042
862181
862321
862476
862719
862998
863173
863291
863361
863372
863405
863510
863594
863959
864322
864379
864547
864653
864703
864746
865107
865182
865262
865385
865404
865543
865607
865619
865843
865940
866111
866217
866392
866570
866792
866795
867119
867287
867312
867396
867464
867500
867582
867828
867866
867898
868262
868336
868590
868831
868936
869168
869180
869335
869513
869974
870413
870432
870481
870519
870643
870664
871057
871125
871182
871274
871414
871429
871524
871592
871633
871690
871720
871721
871985
872019
872076
872227
872488
872681
872765
873044
873210
873239
873341
873358
873452
873550
873798
874043
874138
874218
874273
874361
874468
874944
875020
875029
875079
875093
875408
875511
875541
875611
876088
876344
876406
876537
876740
876896
876918
876992
877142
877475
877675
877752
877965
878156
878487
878616
878737
878800
879033
879082
879210
879295
879330
879356
879418
879421
879480
879531
879809
879868
879978
879998
880194
880478
880620
880623
880626
880632
880873
881072
881080
881131
881217
881224
881254
881255
881321
881498
881529
881535
881783
881879
882009
882011
882058
882080
882087
882221
882245
882388
882484
882619
882627
882649
883049
883068
883085
883124
883163
883199
883248
883288
883295
883452
883453
883935
883992
884002
884056
884098
884172
884242
884305
884517
884607
884627
884634
884640
884898
885005
885293
885302
885557
885745
885794
885800
885808
885983
886395
886405
886436
886535
886666
886922
886972
887009
887016
887106
887720
887813
887856
888176
888266
888373
888388
888547
888683
888699
888759
888924
889024
889217
889239
889239
889380
889464
889791
889837
889900
890265
890283
890572
890585
890690
890875
890903
891062
891112
891235
891326
891415
891469
891552
891677
891967
892045
892158
892164
892195
892434
892580
892633
893143
893197
893454
893478
893588
893636
893636
893850
893977
894390
894415
894464
894655
894931
894999
895035
895283
895538
895550
895779
895873
896269
896430
896867
896896
897091
897367
897383
897427
897862
898345
898360
898395
898724
898960
898996
899019
899299
899499
899769
899801
900171
900292
900377
900570
900647
900781
900827
901166
901314
901352
901370
901373
901420
901442
901562
901783
901875
901915
902391
902635
902928
903071
903073
903528
903683
903873
903931
904105
904305
904640
904831
904839
904912
904976
904986
905283
905646
905803
905874
906012
906572
906780
906825
906858
906867
906879
907039
907208
907219
907373
907408
907549
907571
907594
907605
907695
907752
907875
907921
907983
908003
908330
908369
908475
908671
908740
908930
909026
909135
909137
909261
909349
909355
909364
909522
909645
909677
910137
910167
910207
910496
910525
910915
910924
911145
911363
911438
911514
911613
911828
911919
912248
912277
912474
912528
912631
913088
913168
913201
913205
913349
913397
913537
913546
913556
913576
913760
913993
914208
914219
914269
914567
914599
914638
914913
914919
915579
915713
915738
915903
915989
916614
916698
916738
916756
916997
917047
917185
917201
917220
917440
917618
917937
917966
917971
918054
918073
918221
918253
918333
918334
918389
918490
918584
918666
918677
918815
918823
918865
918928
918938
919045
919193
919412
919547
919746
919894
919899
920049
920209
920293
920296
920543
920615
920868
921003
921121
921145
921154
921193
921221
921384
921466
921598
921640
921673
921792
921795
921883
921911
921968
922285
922290
922381
922465
922478
922494
922743
922812
922993
923087
923102
923168
923518
923559
923896
923985
924120
924127
924144
924367
924497
924518
924783
924895
924959
925059
925118
925144
925536
925552
925616
926066
926251
926298
926366
926562
926583
926695
926781
926915
927222
927816
927844
927887
928153
928186
928238
928312
928403
928427
928531
928655
928820
929076
929079
929097
929149
929172
929197
929437
929439
929464
929691
929714
929757
929986
930048
930073
930150
930566
930589
930860
930863
931095
931218
931231
931276
931413
931511
931548
931658
931739
932033
932444
932752
932959
933032
933181
933342
933352
933417
933424
933547
933667
933809
933889
934068
934082
934241
934260
934278
934433
934537
934951
935092
935122
935156
935179
935549
935669
935801
935816
935889
935954
936067
936155
936171
936174
936608
936633
936870
936997
937072
937448
937520
937590
937735
937862
937892
938296
938498
938594
938611
938952
939126
939139
939290
939304
939371
939472
939529
939543
939860
939930
940035
940553
940573
940668
940876
940886
941004
941241
941461
941679
941687
941793
941812
941820
941924
942021
942237
942253
942403
942592
942875
942989
943081
943469
943628
943764
943789
943984
944065
944326
944525
944990
944990
944999
945001
945058
945210
945233
945321
945433
945562
945615
945703
945829
946039
946125
946928
946972
947055
947318
947337
947586
947632
947741
947830
947904
948230
948270
948308
948405
948415
948416
948524
948546
949057
949322
949377
949391
949569
949569
949804
949855
950165
950279
950368
950494
950690
950935
951066
951134
951191
951272
951396
951436
951477
951524
951551
951783
951792
951891
952009
952449
952544
952654
952776
952883
953301
953526
953619
953623
953762
953791
953883
953929
954054
954157
954208
954290
954365
954397
954490
954592
954628
954712
954735
954784
954845
954953
955141
955204
955541
955592
955710
955806
956616
956856
956856
957037
957078
957115
957185
957190
957412
957554
957561
957674
957698
957803
957874
957882
958027
958146
958223
958567
959024
959070
959148
959219
959369
959542
959567
959639
959689
959768
959799
959805
959918
959980
960107
960150
960236
960245
960279
960444
960689
960748
960816
960879
961143
961234
961418
961426
961445
961626
961701
961848
962099
962142
962160
962202
962350
962777
962848
963075
963140
963231
963371
963553
963756
963931
964371
964552
964564
964732
964779
964985
965160
965189
965288
965329
965407
965433
965485
965587
965637
965665
966066
966181
966287
966526
966556
966604
966760
966785
966812
966874
966885
967050
967052
967407
967573
967627
967788
967809
967816
967878
967916
968065
968074
968390
968459
968611
968631
968723
968764
968772
968900
968912
968926
969200
969338
969374
969399
969417
969603
969910
969985
969985
970140
970160
970391
970442
970510
970566
970620
970653
970770
970826
970831
971096
971149
971160
971284
971460
971781
972233
972514
972555
972601
972795
972871
973123
973365
973692
973705
973759
973949
973970
974060
974081
974146
974175
974348
974355
974537
974552
974771
974777
974819
974872
974944
975004
975477
975510
975612
975688
975751
976071
976228
976253
976397
976810
976900
976960
977040
977391
977397
977460
977611
977678
977739
977753
977766
977774
977785
977831
977892
977975
978262
978431
978485
978594
978599
978653
978727
978862
978872
979013
979038
979271
979343
979739
979817
980275
980302
980449
980450
980669
980695
980784
981449
981728
981986
982138
982256
982302
982340
982351
982408
982569
982573
982636
982658
982904
982969
982993
983055
983100
983231
983294
983508
983680
983815
983841
983842
983873
984335
984387
984396
984509
984536
984647
984834
984897
985029
985122
985188
985261
985518
985665
986090
986096
986258
986412
986693
986786
986810
986964
986979
987105
987143
987256
987296
987401
987428
987434
987445
987463
987583
987878
987947
988008
988051
988176
988244
988612
988643
988664
988680
988787
988819
989009
989282
989408
989488
989747
989787
989794
989990
990201
990388
990570
990596
990672
990857
991130
991408
991472
991532
991618
991902
992070
992088
992157
992272
992283
992313
992332
992367
992590
992647
992813
992954
992996
993080
993100
993560
993624
993654
993732
993752
993759
993867
993991
994091
994105
994202
994465
994505
994632
994890
994890
994943
995023
995188
995216
995322
995432
995488
995734
995787
995871
995910
995910
995990
996161
996495
996517
996777
996798
996971
996977
997090
997239
997360
997542
997629
997828
997853
998193
998240
998276
998550
998623
998631
998709
998852
998973
999364
999638
999677