2768
873457
834992
252125
118087
651025
743724
525739
955776
148398
76167
800307
137495
425289
959406
77393
89663
46051
93814
665673
41722
590220
230770
5509
760239
86423
967105
842192
854272
315523
926263
230306
741763
614761
872157
943865
778361
774595
262847
685828
245570
412305
380398
798083
578701
789974
193041
802063
100697
176464
814145
908694
871008
192241
883352
707598
646173
474298
942174
605658
460753
32136
791669
87720
162074
503672
855373
26804
508195
350223
605770
829436
229586
650337
132495
645927
808072
279599
210861
364457
673990
209932
349044
460888
279644
838852
297400
589175
172691
763317
26193
45990
21735
95162
329560
969723
140807
140253
158213
558080
781790
950041
644844
30204
479950
30180
49158
90117
452957
167259
226698
929673
188265
399851
65155
618192
492942
146966
216255
33108
624616
38444
112546
295563
774882
678852
587014
16942
713120
326116
873408
121360
707607
540425
132849
227004
422048
164235
839266
867423
381564
772085
359574
501281
454519
25128
941907
194936
515267
992263
238460
971526
361390
782326
589702
803442
392260
134047
709863
25389
114708
882073
985240
811157
399129
248041
228839
545750
477240
934126
596583
682610
386546
646286
794896
562688
638765
344855
864992
305008
284906
13332
144957
653537
991374
324994
972603
863605
644691
994317
342761
478854
759853
287521
116608
297554
520486
247741
368682
124491
910829
277052
952833
157002
591615
26933
838457
326913
184141
591154
420839
894766
783849
435554
448091
678843
358921
953013
502053
433320
15187
8826
991401
370699
972877
385410
336146
430584
857621
973473
643417
585895
190830
717873
793375
199261
276476
345313
490036
835405
241469
889852
867994
274701
599077
264213
536645
760204
13358
547803
486720
705574
442342
865147
137822
192933
627442
292313
776540
606205
988444
546156
31907
361669
870411
164451
400315
803167
342072
771011
60913
796415
849163
295033
933468
527413
134287
989820
252112
927258
980170
399020
575136
972761
395020
405305
471563
533718
368746
227206
483137
941586
598278
627158
818120
253401
942865
476653
495293
855103
193252
832126
827758
242905
559591
84685
516462
274378
322631
852380
846965
899570
987528
839624
814819
895150
240749
352284
297908
77815
906916
346540
824036
845355
914510
114621
656091
734936
149072
525068
400322
265007
491118
695746
307001
398947
13095
67569
570934
424304
876974
969075
485790
564811
134060
724431
416611
646887
828
624129
630221
962959
587119
109285
910660
42208
698203
503347
497123
235597
69066
361612
784828
794175
918907
696499
127010
347126
310360
377095
200524
884478
531539
229696
181474
640963
567471
965215
522160
116150
553711
7401
423262
990773
435826
32203
64352
184240
780473
815871
523452
852139
126194
632427
960803
767397
511463
511080
290152
650900
653713
171435
739673
844439
462765
940226
884601
257028
13784
608233
259836
649786
12702
513857
346166
571400
953521
577382
802679
175406
81187
12585
401316
245424
566948
613366
393765
929867
807656
648023
173094
55307
107168
681034
958106
60605
368689
396993
795942
432855
306101
997828
336245
399374
338662
971160
974352
66475
450
510307
323054
994878
312132
575275
555772
14782
611697
65224
908009
662718
351004
564333
17789
840514
751667
466549
805019
98602
150491
527781
409371
96939
328301
358257
816371
843714
367232
551032
656010
352203
404089
815114
43212
532858
88752
486330
823639
905934
795630
95988
773453
844078
269446
591861
816499
421403
657908
705164
183622
746936
695930
865015
950035
965948
447476
939636
645183
62386
887395
86196
852583
636935
230513
200262
483579
932341
293771
497556
936641
699028
781859
667300
32576
204760
298652
428735
642006
704503
530987
346485
568941
327278
924241
188254
21756
435005
548597
808106
438322
208543
959573
113580
298338
762485
736130
591484
621290
551592
479187
27161
898007
825425
747116
716050
837395
786099
637281
406953
193425
979614
862408
617083
587004
726845
618187
136336
177003
781883
6630
270778
83306
529955
59895
127880
806831
992697
124258
228944
353909
291475
506413
485235
699184
591703
478236
640775
104767
483728
12199
954969
227987
103785
904026
532458
822400
194434
571545
65245
82887
542309
893363
281870
469499
664275
704741
375176
180807
575046
742507
842649
630592
70138
746229
946205
268295
429586
482851
711847
197386
54131
914847
839013
641831
841759
399988
16460
850079
641725
961282
548192
900033
807049
488150
226134
786465
618452
791700
564593
213782
514439
852262
952830
913278
691121
160681
782119
916177
563675
433654
703933
638511
321355
5566
474292
543171
614545
394648
959102
23486
480736
486507
492943
664361
464754
527883
725209
250090
599643
362986
821728
864248
983498
627500
112624
152042
277669
662095
218011
627971
460781
348120
644911
190913
753885
758979
42876
585868
30064
898806
157105
875740
252189
112836
809032
824126
332010
537786
220019
413397
311665
103045
155585
492847
897933
394850
945897
31394
290391
397841
158547
541069
571436
938132
986071
563235
694753
975301
231682
222431
165856
188942
327581
94330
187850
12255
356048
637957
316969
486357
733053
94988
793166
369445
717091
10240
142249
181889
963687
418791
143057
686696
13201
788769
218583
913318
678401
284218
149569
577506
644774
834008
71508
708508
209848
393805
243643
698905
666102
525810
412494
109346
878629
781382
37669
656566
205142
858894
643880
924377
29100
145298
608256
218424
60818
102525
986606
716588
487147
562643
900514
358797
944721
558862
99232
122925
74847
333732
975820
52076
182954
840155
661753
851517
361248
139943
398157
979176
709140
536051
523832
59192
619310
288123
497649
568035
468287
145714
410483
645199
165168
594318
566949
481498
304414
44374
940207
640107
989319
683971
972452
186425
924185
382371
492262
922400
624105
236971
82471
306649
420279
611038
480887
405757
937609
132294
247209
20915
388709
117100
603821
684092
416865
124821
997097
329957
819647
238179
784947
414787
416974
635480
757678
73345
558236
709379
889006
102883
611667
687011
980987
951406
490972
156498
209815
965832
829473
131292
147174
934084
607229
573177
569047
410191
603877
633721
282815
970358
749386
945494
78383
916625
563376
351289
851743
891372
493147
478828
763539
291413
632078
689749
739425
753950
184896
620684
676563
398790
418225
515524
643561
199742
651705
316020
482970
141549
316988
340452
124090
873932
868596
809950
619130
261188
165401
22447
462273
615681
379144
133938
583544
723027
354988
28511
790046
406284
456255
365905
719230
83678
836102
142923
402877
964967
144734
549476
350843
791902
967052
63012
763685
57421
491708
546878
671715
794953
152516
265076
40725
980608
625503
83738
60596
140567
467920
183487
39566
511126
646079
959783
582539
403279
915002
282678
924355
387586
784184
470769
841321
488412
242897
770451
842367
217914
668279
638308
968473
973137
626270
477499
907891
391111
76964
85692
762571
1736
28327
234982
646183
180116
614659
687015
115187
407356
165289
143004
262703
122501
858395
537583
124640
98521
489928
389231
414262
555823
210485
143086
26808
338925
236345
730194
708491
199821
309353
492579
129323
963014
543955
354901
894727
356158
289715
910474
588151
925765
700018
434042
196940
581754
339948
982458
118872
453851
588378
333301
737840
618015
975429
791594
875433
807901
934019
653041
231091
197498
474455
253585
441126
120122
758937
639817
53868
164589
284136
858023
868100
23252
529074
655394
340145
933755
618451
451744
596885
859903
292255
523752
946718
621028
310718
904331
343340
214575
107522
290711
768169
480262
442833
705510
359994
489880
411197
189118
950845
532102
403048
695778
391962
915159
755592
385014
218683
198226
973608
288896
811054
554811
319555
907338
210759
676385
355996
803939
688127
105348
446773
292472
198018
487750
818231
382379
542062
555363
398368
82433
101837
134154
464584
112245
195569
662206
817415
386486
499032
505617
552995
887563
594098
215442
323386
311610
931432
985635
328263
508583
256169
719124
546638
720434
925891
47809
273783
187882
552515
869156
345069
390812
312416
542007
513977
726388
997027
569198
808020
869207
889151
519946
491423
963930
396623
601380
90001
512315
472663
390331
510899
95799
352868
330866
501949
96756
56722
620277
934371
375258
736069
181532
51636
578183
956882
476336
10216
58672
383130
189218
280976
533395
762376
247408
247764
788199
833522
991810
822322
754660
52699
983876
673084
723812
9759
538421
638602
59904
41208
580563
993448
718535
846869
587856
379671
590451
4533
902763
468751
65784
339069
300846
879490
149788
284484
659100
964351
338869
311783
25709
769309
37113
135599
445519
532224
594099
671059
406300
874802
950396
509900
152799
525777
48576
314823
861762
163480
955843
662750
661188
494248
527577
288497
557297
552085
317086
939303
753202
858706
890485
961234
164052
786348
844070
895514
681604
479845
399203
396969
943834
709172
214451
255992
310578
761887
29973
396036
255052
217731
199325
242629
158625
572314
13393
21721
453014
423389
11250
441093
685919
640980
122174
637787
143122
980452
133350
889644
515169
53180
987189
914826
747318
173655
617108
732077
576820
764019
891163
673173
909669
434825
694850
996598
298521
532734
170287
742114
187339
171690
307059
187524
708210
180062
584604
769573
126613
366631
557515
314164
124631
591584
745096
704010
682662
536714
320638
555294
804054
948230
59186
716175
734420
847704
251769
405945
769900
152192
299126
923103
135218
979086
969009
819375
190704
436532
221906
913116
571133
817621
60643
607238
770960
884183
368127
57179
219034
844983
628767
233902
232452
583989
291359
564681
131990
968620
476160
904911
200091
579328
621871
434346
816202
606344
818356
284413
251394
377955
206077
924437
494989
94255
272516
855477
585699
472091
675336
264941
552157
873729
194166
674451
130526
168444
943578
662207
26775
664691
876477
400745
47469
987170
734390
778418
777166
799484
295450
555188
911919
217361
975059
495050
696206
136236
79924
290841
548551
614134
621112
852846
411995
240438
927274
608075
353201
436642
288400
465589
674083
749259
516690
180845
125277
59443
622441
725482
219063
793409
9290
784273
210942
578982
320441
23002
585328
933538
594431
685166
284318
174659
385220
984277
916401
987903
337185
377584
148904
396696
394725
61045
978726
772235
285113
544430
63165
128046
364625
474324
73932
249342
24315
399582
36163
378101
60804
719027
397073
681924
494832
597566
639818
241180
375790
30002
868648
532278
190278
448904
820980
619189
126942
946464
987781
382774
472811
921754
432422
903734
631119
106192
144183
541631
626338
31891
153186
368467
111781
978530
886002
126047
110315
526366
540407
102406
719776
905061
90433
829706
180140
840106
759527
765867
66162
615963
70952
848103
711307
993160
921802
22760
266697
311715
728978
943419
975597
615012
397601
477947
775786
80339
522190
957921
184692
856250
166929
820955
400584
185661
563014
901685
841668
753312
647979
926508
611065
602965
543916
282557
527023
343499
394995
243906
616540
180100
294322
328944
499102
854216
115476
677320
715515
429178
270667
462303
669315
783365
402591
613163
340394
927931
891762
684531
139980
237278
187086
575867
293189
781734
6084
429884
417944
67553
547690
985083
780175
177943
220139
251469
561958
864330
767191
622547
724011
104448
894264
915366
78019
397513
61621
77614
483187
634195
419434
97900
704102
607617
62530
501354
676632
671202
281844
242599
877170
452818
799720
737146
112210
147821
638164
293785
745136
877073
611868
136705
739905
222510
532332
63174
711159
143279
496006
988354
676811
900285
53402
515241
960531
998329
587306
908977
964623
179670
565076
379044
59441
545941
371276
158358
565066
909244
9498
14748
602639
696490
195529
771479
572992
591868
779162
59731
250271
724903
933663
935705
203096
872260
704871
319458
817344
623004
322689
319234
115706
476942
428965
269805
62770
507639
180931
604991
611408
264996
174413
910248
627483
645292
30310
269573
32401
114933
569371
396766
657228
27053
124969
591959
353094
255822
304796
290414
514297
835211
904646
727125
250734
612944
953168
39373
194786
27930
577985
664620
127574
268124
800976
321273
256399
951849
670341
60076
854448
916874
565271
746846
57644
143370
497812
104156
704563
418792
321031
550468
366279
930668
839701
668162
482486
727744
984905
431058
680104
67939
721998
727178
861541
27525
617514
546506
917531
339260
369912
70977
507320
196547
603927
983442
873998
474602
181118
67666
855182
715098
743118
927203
848950
96158
323824
213631
149030
102170
26239
436430
340360
466996
485609
23665
991189
383433
911405
997023
62893
977868
928160
321580
667440
156707
288479
102817
339663
328971
452537
558
583403
794023
751157
89867
314605
308636
330747
530183
135586
345772
348836
824226
829453
884979
367321
792624
325289
76401
35364
442040
876057
437075
643902
77693
303188
62348
199022
399635
854343
81705
960210
469489
289015
268907
816281
53320
994148
922361
514513
346949
627646
83075
310730
424914
666223
374977
349211
266774
972537
129495
691313
566845
619093
88560
252732
249975
277841
539092
615864
441323
790314
906555
954486
889827
601503
471717
913200
698663
419377
268227
355939
257852
63857
594148
836368
976965
229522
926394
837431
233617
634183
45919
687810
779284
650292
61405
119200
715357
703431
562485
699408
241929
348866
463698
599551
559629
786319
202207
458410
266694
967490
33201
425290
485565
165159
781410
837009
865968
106121
122288
731165
989469
549732
832395
322134
397289
695218
723925
128007
581068
615680
279534
35027
70374
19426
612835
225035
935239
269845
528720
952032
443774
60001
973337
143731
871960
977948
514754
690500
511611
799171
27328
369329
195278
718160
417124
144770
486433
356299
741679
812760
766316
479434
759130
317685
364329
825467
44632
531379
280424
92653
75021
306594
817126
477755
442654
65981
186748
178790
485481
187420
656844
74568
472868
172530
911720
12272
652395
753624
750414
324860
689666
628462
541881
709317
847802
177407
329344
653420
418447
562794
699556
193642
713578
492638
697178
96176
99798
924529
925158
426708
861827
939271
388942
956222
575052
695096
197117
771682
590031
299628
431385
87121
206911
739516
518256
102641
282872
275673
361077
823179
219593
483566
997126
195084
975963
703778
270017
732700
712455
908058
227006
515439
902697
271754
537523
589783
795373
662381
936187
15585
576533
788583
492813
998864
160446
627063
533062
550178
496136
508574
929016
595730
579779
114315
609740
41151
275792
307397
587210
925806
680553
6628
178281
328522
578133
489310
981913
619047
635134
954129
695851
781606
867770
984486
743635
456025
415601
24863
482196
248830
443598
754818
275212
994278
96259
944075
282883
742004
283103
511353
948988
475481
233108
421400
186179
467210
13278
346470
601699
485129
139757
686126
23167
521274
820599
490365
323452
957047
931232
740302
364141
743206
992134
199008
906725
189196
583140
386314
413124
608525
429886
237495
91140
407321
381341
860382
221496
877699
482432
591965
849858
221016
732794
847054
768681
342706
551853
522725
47525
239543
201638
884740
901174
22687
654297
748033
303110
532534
356324
995214
571589
707114
85773
815466
546853
369479
519548
445077
927547
268385
501089
559496
848532
590415
778463
97864
419635
816937
526165
834096
564834
87329
746726
422709
232623
194126
800066
14990
851633
776019
941659
278459
132608
322630
614490
254730
37467
902879
827488
307636
118585
186676
535894
607498
857914
673740
326426
529448
489819
386276
203313
279601
309162
787661
205095
321522
739107
170532
7689
369668
557443
773636
932718
704162
416736
25704
514860
731066
486529
48306
955975
917305
353464
155340
677565
537755
620844
551935
941242
626899
174824
813957
758341
635914
413329
413396
425969
26326
539549
916579
631746
518903
560841
811942
105034
321300
853211
768046
675382
150555
419145
173438
675859
135784
891907
651188
71276
331745
818926
85476
430646
761248
760136
806409
89970
826449
666513
62141
323716
421129
308330
746661
647273
409760
511090
649796
96201
690355
921893
784044
9648
666738
130542
149200
999060
937182
396479
953289
302921
296439
381372
157960
209974
124206
567469
377539
696882
20018
788219
860431
643222
674382
834684
44499
501860
455691
206035
820238
643419
216457
62630
258467
393962
93754
127563
951664
789924
118606
990246
303267
706636
292881
880168
566858
601929
420134
774561
221547
113325
951650
708461
930930
137554
204388
692306
5273
939245
869204
559527
668704
172824
471571
811859
437210
676922
865082
480353
704298
748389
693554
299850
33843
44063
389847
608111
807154
219638
339711
735245
853060
786114
723822
364417
359400
529331
5167
901679
640051
300857
512495
94567
920715
920841
917692
659916
326893
540513
86883
415916
918082
3639
19207
910407
82363
287888
817954
455761
986894
121803
602736
166979
153277
989715
248285
14327
867729
572542
549175
462795
303069
163258
420479
432924
805316
349935
240941
295635
600920
350525
930562
969439
412263
818977
531092
984499
277298
706223
368565
363942
254550
719073
302036
738949
983899
525792
151275
341600
614390
523404
561249
408962
454829
274461
560779
966472
882434
115260
617987
105353
30834
976814
666882
4398
65046
10951
591473
150515
940738
554134
809753
540309
632817
784762
742742
562402
441277
452322
332094
268238
249684
989491
116799
80189
157138
954734
837629
960601
24613
122751
946059
666263
845375
118376
794173
383717
327362
835685
490631
240650
88942
568724
474313
133456
54083
348257
449332
842327
676745
20560
397191
473132
277219
762528
680971
208181
637843
889533
492128
554982
832705
546918
740081
927130
516809
294040
798310
963635
738418
780041
49540
564624
92650
741389
733976
401935
753454
567889
159831
507873
652890
273485
404945
122995
457100
121842
25883
354954
314852
846173
195850
963428
557701
843319
95188
957059
715753
173646
682264
810267
566024
359463
851714
266482
272427
989276
635931
271101
948725
89652
442203
929308
914598
284400
762825
92096
434167
4794
489700
47014
184437
386719
771895
165135
969000
290500
246752
406841
657115
930577
395166
540926
845684
81244
614503
526742
325276
622929
350949
814884
135584
35919
542997
741003
114759
71709
450867
575955
740956
648763
559607
174778
697262
735945
179599
929674
823811
429312
522007
122076
98014
272433
188919
772520
132114
780959
263047
581355
92050
16562
285114
687117
477898
283341
430316
426105
450108
889253
954276
234043
413934
19752
502679
496232
130207
562886
522318
467384
373743
423167
756367
843328
603580
194526
46707
349594
636844
986539
760954
805639
494940
686038
305030
757892
820936
134868
732565
905032
412090
844683
923623
851791
733607
779991
155860
94877
870297
503364
656888
199691
374619
407754
378504
847393
833129
441542
769507
649520
728452
349237
900228
519638
71204
826042
778247
309083
778746
532963
682268
28685
723636
838196
276807
802144
20067
860285
615812
990913
746852
611013
60925
651977
252323
84720
671859
94483
721303
479295
19174
844954
329985
807579
755967
421371
106568
346734
225260
447817
478411
591732
270076
462674
519653
539246
619884
68442
131359
357718
523342
737708
823611
530220
152880
827836
948457
629847
3416
500049
270673
72470
546512
339859
6981
810859
52423
629517
217526
479243
423899
480236
478760
327588
687438
340699
857627
85423
833653
172886
828595
420204
667070
971118
625374
822930
545407
67880
429269
657093
126711
523875
771883
144861
986429
308119
708291
200479
860268
313234
334282
533584
813806
941317
858313
134442
362553
651651
51238
410386
944685
975861
646121
30308
518660
935566
441688
782234
251846
671289
653472
772564
776081
835850
604400
27208
692344
163376
578256
856023
31722
205661
562397
301855
162808
6263
949706
328441
916831
841659
524886
50749
169127
843783
8739
134205
978430
734076
580276
985448
7601
709836
568075
666163
773874
723773
944892
83664
598227
588875
171249
526057
619280
126666
6811
699345
202166
524960
505152
755059
686058
705450
343594
640874
405351
479458
614036
17024
532311
461357
371474
372988
815670
832009
73665
440292
66158
91180
915229
58811
938190
873565
948729
412439
396238
211465
542197
787895
533331
933047
922548
80346
509385
612970
344720
336373
461755
60176
381750
679848
6190
374450
847989
985628
484326
357999
958451
708718
955250
202649
758496
110388
242871
162258
585708
829013
563754
678335
318991
390203
367466
601015
892261
556754
119944
881630
741444
828837
457296
187770
681106
327984
358956
248946
640870
704677
938193
483243
109040
252385
953657
929373
183930
642515
429353
942163
642381
893495
450093
164683
329275
32379
167526
331910
84456
816788
468752
229247
672680
786687
660838
751458
295544
383001
968871
212684
84325
965764
594581
183954
761985
193313
727410
863748
223318
999833
731946
566404
547652
171606
456397
175270
800767
867766
607793
507142
524820
99925
118136
362960
33386
584864
408254
258692
188966
16270
138145
927767
142564
36223
815144
585234
114929
820980
296319
910526
511857
648557
912066
260281
396635
410314
60389
376734
508984
397382
632978
980332
578273
258199
124330
415310
789450
856269
363613
490035
891449
18573
735167
717590
964392
979251
351959
606466
600913
550981
213175
854800
996620
770270
598205
552258
208114
356558
437382
171020
428165
526708
105117
60311
72237
470550
931842
87530
713272
688802
950578
267764
700453
381617
301084
115487
873819
645820
383914
151447
887419
665091
925423
33657
507954
721379
655633
807144
821444
965108
532490
392788
487290
982142
401748
121814
415053
801952
30733
186758
938230
867271
36080
377812
428471
483378
906522
862382
852944
969145
883361
49206
726426
66658
815221
691588
920865
221057
958700
863986
877615
219139
719026
793937
269540
616536
644780
47695
989603
958082
122189
765601
742120
208937
676639
715651
592678
720266
537585
202704
619430
588148
82940
697692
852867
809418
812024
417560
395608
873001
755133
965905
492621
513405
437710
388452
115232
675976
398973
861479
446293
116218
2673
353075
511042
511910
13391
615127
584541
880678
153864
805157
658259
61682
957216
985337
137911
535771
43539
861673
713190
578060
799033
994282
249565
174015
887619
19153
683513
673372
521806
721341
715482
715434
168330
711615
327654
594414
250151
254470
919943
228429
629365
480007
512857
933438
478701
765161
912397
491853
94818
475782
57951
868176
406553
505659
618845
907305
428572
499888
21410
622420
615957
256528
882774
265297
300551
255437
833852
817212
443970
717244
455015
702728
759884
334223
106148
940783
521387
236455
203942
668687
622205
463184
995659
276628
420789
361341
101040
472522
834108
880329
860745
740309
357974
719248
540313
135038
90593
977369
184072
988994
385812
199918
961544
256636
606208
826121
839457
629393
293112
549139
731759
627901
838744
167326
906567
192217
76751
523919
435881
478948
658137
546126
330250
885548
818610
450927
456003
651139
947774
652078
335813
779817
772826
624464
360543
415573
283654
231496
176540
616520
696757
277477
742193
962934
891201
355500
439180
370532
232068
293209
702546
675490
706582
359808
511171
246531
772822
35691
255578
555986
764707
200273
445813
773409
997048
760672
312721
876729
690866
986302
342816
170728
569169
401881
69582
631228
298473
942232
935660
810657
270135
865441
448089
725927
461230
897783
787651
614563
875935
665121
798746
88428
777482
627861
940007
167194
685449
630563
228208
517673
253452
898300
69060
811921
582941
337120
963279
494767
702428
276659
545578
688651
185618
360242
678241
565073
253509
153018
576504
729493
159533
89814
779021
679312
678476
179108
15431
716819
689581
666510
973780
517355
110673
768159
655434
899017
513930
690277
196666
907607
859511
237618
328350
407177
50105
351576
897021
724928
564929
498256
667912
896349
723336
676065
882445
950718
15576
274823
127750
149227
600888
72472
633176
94141
276685
799829
811636
391585
565658
796092
646419
611232
41196
550892
360475
833235
263200
380010
809035
732125
119706
153406
859780
177264
939336
80103
670770
240086
205656
467755
323307
962931
968273
724511
434652
121414
703621
551605
270447
413008
918573
367559
415324
613943
921256
889228
353880
925230
128506
939743
857004
521820
139998
70656
522949
561881
96469
103798
496561
430075
679274
298597
852584
250362
910145
29774
692650
546010
934228
201784
838916
195973
766746
480716
494328
231048
553490
797070
376424
337442
424803
926683
783083
862714
605915
462552
797935
758090
270407
439429
934686
110238
533891
467089
529588
982044
494857
886169
298042
951963
837045
926256
439058
126741
460965
344471
618098
820870
913033
989957
562688
296518
59593
439718
915842
769056
773556
146402
520403
427294
767794
763820
880202
855460
898386
500959
222260
678882
458201
828505
807102
383997
926063
182018
225078
118485
504084
114067
775555
815923
343894
800853
820171
69803
402566
986194
329615
683747
730769
694230
859531
241553
386623
503699
772669
287781
506664
827902
800322
764708
534686
812223
9652
689835
385094
632954
924446
901446
38209
78726
835982
285083
348948
415949
531093
252177
643544
428000
608960
187600
651070
634151
337875
475770
650829
85864
260074
829361
863073
681135
619470
338815
737395
769019
55194
673861
566691
286209
899116
858620
94221
155264
156889
288323
998832
159240
347021
269511
989392
867404
195798
276209
869827
117314
29833
487971
544478
277507
95128
822830
146528
21289
23272
706512
29217
548783
710593
356997
879230
996037
76240
49262
368430
76233
680005
477691
57327
905124
214182
52619
991919
827283
953546
501880
800183
203619
233291
263929
785605
134335
688541
685720
297716
342338
722461
824371
747341
344975
730658
216812
163396
339917
647699
254297
453583
316161
347846
409379
580999
538333
23184
471984
545546
218585
851264
284852
29047
344041
4908
204692
979383
767960
126983
316066
581641
100468
582309
455732
428905
815788
713985
931898
73199
555739
429226
776807
616557
599440
683755
448168
203389
15284
374636
597314
585159
161407
693323
412985
253824
41340
44276
43516
673178
927085
937515
804109
211092
475890
983046
855094
35648
7738
114432
46810
106513
533994
636430
400520
68001
320972
624442
872419
231586
583561
916105
855248
273485
288275
444035
935409
58179
790962
193523
202818
604395
990204
88610
845307
884046
157530
782346
498390
615772
216289
165101
575526
155585
580276
897
696094
302444
218191
256840
807845
972066
128206
500116
378713
425815
628457
53748
318150
31266
437122
357803
843896
89217
988314
148940
18122
474779
260069
739513
813050
168382
106550
952216
107093
697594
98109
884669
334483
532371
939374
435006
422305
382701
605588
90317
295038
551868
190998
724542
443671
174834
912667
595581
275506
559490
701416
468425
555350
703417
84160
179479
164131
203769
873816
214574
650056
644174
394052
700195
37875
844110
592419
340875
316967
5767
822458
434401
236955
820824
199726
663864
374005
477978
716333
583679
88431
508496
454069
764164
790910
701605
619245
967643
42384
986163
766274
122418
436885
326204
948893
286338
277508
901849
758466
681856
625276
147662
855504
570781
119434
464429
702054
321189
670685
281
651102
369013
474470
215509
492414
46110
56450
771930
18818
670808
63154
92697
944999
389036
888331
810080
768301
735873
309119
513099
697394
450434
238634
308759
404573
107933
507698
142052
677782
723779
481666
703712
413779
945259
464470
233316
229788
290129
102588
350139
531791
381082
517139
819560
503286
292443
598506
763426
113629
73268
866199
974949
63569
994251
998797
512866
668120
931954
318764
601364
922691
648584
117687
339376
600355
620725
314539
821060
550294
777161
791408
185242
183196
426857
994696
672929
829007
311219
888652
798295
308465
779882
286944
898428
159206
495993
956415
18314
966485
660406
582005
113915
624311
938090
700696
22276
365156
110608
291772
443729
772478
968628
957316
691588
595772
490024
675120
23800
857055
696430
871003
440250
150915
624916
555883
706573
487932
96428
683130
247843
210314
55257
944367
805756
443117
486825
510258
274076
585214
950665
650807
668030
586738
204028
442525
176544
632513
758774
805214
418122
467445
938532
191351
181369
581352
539952
440869
783183
313210
40557
719632
266385
964006
134178
43967
655148
619438
146987
889267
501526
494229
218117
368468
281087
675458
377710
406094
87562
292751
791392
134085
386963
601802
441208
66916
796476
711892
863536
540928
371058
753303
964340
544302
104738
20504
754045
737044
801803
972085
969777
154102
916156
139578
767994
976705
864491
503240
376394
251014
699053
379722
904283
997040
465214
568960
9626
98809
723836
747486
638216
664477
26242
47169
128366
811835
154437
983489
980986
213276
139931
629432
258083
570134
186105
844752
271713
941362
911105
172200
336376
775566
524501
251837
963130
923701
29403
342905
567434
618286
782481
269758
930250
259598
780
662828
569557
69576
904813
548503
669987
769780
140601
667412
730970
223199
790278
912575
666154
139033
686521
672838
686599
665447
447702
121576
954979
776174
664509
645195
335806
683530
253484
878574
858800
196665
224743
857190
997575
495492
889538
59735
366874
868391
167306
262951
446711
2989
996728
653544
926170
850433
24438
859774
458152
444809
594663
162317
888136
436552
250182
962673
955526
878038
876288
579453
295916
786108
213986
886541
380908
344188
194456
31239
845096
31661
661550
713638
652972
169421
610068
612575
886034
79413
529289
906509
42409
822833
94070
172388
709566
60554
128316
367964
99688
479757
12590
167593
353085
569445
30676
891344
846408
406370
986393
746550
619956
532838
768959
281110
962551
891731
517689
534327
953901
937173
381045
56530
690277
627922
343909
395664
625964
591693
88925
398887
167442
499507
653851
168936
12584
430717
363468
953538
932008
205413
786559
581125
721405
591052
114883
400324
23133
581845
244902
360267
893703
610546
12628
532860
28270
536419
375296
372184
646232
459842
774562
945219
96362
134805
199087
474980
344967
386653
373718
319695
741385
365123
253624
268538
688348
518400
836256
271070
898314
764527
231549
289089
196059
144522
272956
619811
422029
884829
685840
848664
99396
473609
122198
275611
821488
377138
450614
581169
955509
965027
659455
216098
618017
181965
56152
140832
204169
532985
274796
33161
425782
676285
434100
95534
667797
301687
262403
214253
7510
952629
292020
746580
211715
893234
944576
629573
607152
781257
392409
578059
167750
529047
612194
1160
173395
719385
251547
904861
337615
458800
913703
990797
712113
936011
434164
565632
293653
511706
661748
417925
978502
135677
728059
641154
914724
852844
448689
90850
850742
134545
824618
9147
567978
918679
269272
398476
919091
809223
214476
122138
53408
549219
120640
843607
960299
871592
832949
809328
164837
229130
561861
804864
753651
8742
476971
91970
191422
268992
281739
150308
285042
41486
113347
412147
493264
816665
332176
689649
167883
381353
169858
531608
128930
794582
370624
700240
724224
806911
70819
235745
873700
804241
345784
423756
611580
676824
318070
803104
672840
99625
284119
227954
423577
468401
723164
897797
884702
973693
913855
230149
89962
472576
674067
385882
84100
184166
285145
197478
944978
82291
884630
614517
813555
529570
13368
13708
188987
419232
460527
309399
89783
412039
669990
547219
960122
322264
93526
467135
471793
627292
33289
414203
783230
871197
301647
221597
796947
788499
66058
38583
755328
834953
606472
41429
248844
327969
460208
105757
154846
737337
702026
143933
377966
444835
823786
945237
567877
939840
499955
925108
252192
664374
542491
63626
777278
962690
185353
646464
224949
689877
956961
9893
212733
594444
133758
298534
799794
11150
563027
641712
882413
152573
514871
506560
63369
20660
931187
267241
175148
969784
788814
774511
601400
904157
550751
280701
666928
294579
84934
110066
961969
72039
529104
923197
457028
631326
757673
476437
836580
475789
380635
35906
807811
955121
965257
906739
468008
440814
847464
685220
470327
308301
455260
691765
974207
863448
201492
953684
746548
560721
814618
402693
359875
839513
250041
675604
956648
189318
535047
212131
300797
164734
512660
790348
319785
332577
509945
664184
9942
833590
934976
563236
431114
30069
561151
77819
72475
512875
774495
36855
983902
548134
241281
856273
278897
588202
426467
527706
100364
80082
215483
846397
651811
416754
69873
661465
37755
648750
505801
219849
114653
317970
340526
235659
133418
122536
226327
220978
12650
12784
694025
452720
774242
860626
241387
294915
642984
352532
905424
735813
426303
58716
595326
234299
793353
709451
730690
265611
268455
988740
405849
875219
408312
461478
373803
298228
31999
592214
385304
474293
476949
538903
721822
596904
799637
773126
562150
713815
999909
155560
476873
139216
946270
479399
835385
602365
892002
696063
312560
823026
191527
453589
973038
102187
692421
392153
369566
880110
792246
763304
359034
494625
677113
776352
348825
560252
88656
534386
177580
422714
714218
661576
918227
93798
429241
3057
427024
406643
618762
710073
207724
453675
571319
230206
73756
726664
566355
279131
269777
76567
245674
535775
27687
879305
688130
364324
776952
465427
985981
248647
57585
391628
156081
803163
140008
612529
606485
484647
979110
15463
53531
90746
201121
105494
452252
52674
498810
221974
51607
50848
847850
634631
620884
858537
868412
459484
307613
207831
482460
854078
770173
763991
95025
784375
428159
543501
154824
684520
176524
87438
483992
234094
723274
756836
80300
79617
942186
347926
216780
75489
207975
934851
838000
643070
893195
175462
811685
268064
866862
988153
252018
813207
864327
101864
584132
22569
471893
147347
666186
306201
891865
341798
421480
193020
801426
962413
978173
935634
7347
131172
376807
123970
953885
680881
602236
62005
601081
368991
600188
491436
315641
3054
986416
744740
677832
757119
929610
150810
82569
54404
164446
595213
301595
34216
108546
66287
235946
643540
998849
205994
284701
202193
81457
105811
186827
876214
975058
589392
695688
25995
893468
61546
322139
372771
773502
364885
284372
836202
883922
24663
121112
162317
791419
357286
408486
901359
353191
306757
517661
603616
770447
88541
226288
84322
910535
658598
982686
910683
865599
937576
924113
579376
348623
119502
621963
63545
529034
975798
760495
631396
115859
812105
870187
862090
405109
23127
375854
275106
112158
232256
993350
491455
712054
514087
444438
399472
900216
671674
98115
364276
12331
445461
587121
71081
350603
515735
283355
154578
88662
55346
764523
36946
616301
811181
757550
587054
249772
533821
767694
746599
587251
613296
77875
563749
698825
448897
549942
536075
527307
378323
84690
315179
688125
655566
393320
632362
76179
833425
841703
854288
697627
332327
705969
14624
836293
183011
744266
510871
421238
760765
976724
222232
839897
647083
518718
441735
542751
784039
363164
143756
646932
283277
29022
457960
786180
411622
392876
870655
118544
32653
282528
149673
432627
618927
973917
44982
645818
515233
776918
832149
932749
18414
870535
22831
862544
683422
195228
931866
543190
952914
364116
180227
767043
318335
478217
357409
244537
767232
947079
46573
96249
177117
435088
10143
807017
67537
578872
630813
889694
819091
840465
464051
378523
647891
962229
679615
124169
206289
288366
96824
3945
741039
990415
976306
106352
747082
55326
635939
770459
775438
238163
607169
312896
327218
936032
350543
265401
193472
736944
913032
901178
219715
679494
155566
465553
527486
933595
783353
980379
992411
139516
460956
978259
233220
267661
183053
891926
646720
288763
338177
127713
870765
704212
442285
143125
616654
874478
591353
325740
537936
186857
417323
238180
891450
751705
338732
454887
822538
491881
728783
260695
97093
325557
439214
6249
687336
7606
960443
974064
787622
369095
592934
425715
451406
999494
481159
773634
810070
30468
352360
66189
716258
339258
390671
439906
141924
843522
174907
596955
778989
234036
172681
933828
269276
537483
158203
657066
256271
426195
774834
542658
960636
907372
627464
257349
880916
959855
622672
507065
744541
16721
433789
746601
735851
820135
374799
48265
587388
629550
225107
186765
934367
697093
18323
357254
361993
657714
433381
743787
462392
925329
327358
201976
166008
352644
103548
721078
473127
31573
527604
433590
919208
603122
879848
715506
249133
681098
568624
192037
837667
696562
955886
282466
905134
526048
732867
384705
82961
153365
432814
42794
168794
758974
599762
997740
472681
166184
756863
819526
779199
848097
496375
314370
241585
503427
914430
687292
947875
314779
854550
2551
690209
137302
621271
528766
291850
49837
864291
398112
541873
828768
923290
10271
106067
677537
447870
284689
168210
883773
292090
587224
67655
816246
29913
809684
767132
253820
32927
457521
537576
872471
777244
557396
637209
507092
558575
11885
83837
484470
182296
340813
967903
255964
547261
972046
620008
619639
568842
263909
148026
122548
156436
702485
209448
454341
370727
980339
302384
723250
340369
997826
719401
595966
24832
344920
955564
922662
495370
509945
104015
347362
437164
866546
133542
357258
415970
730061
488824
220871
522
383260
588044
747303
459549
847221
826637
545860
343906
195877
843203
174604
893188
219590
253790
790110
150944
976595
366793
39030
355319
749017
217787
633361
984972
534188
921877
31459
716512
733580
119064
501715
499483
729573
61448
894138
292351
801683
993110
482867
677540
169512
30916
546688
221212
948318
467792
77668
995176
313429
362843
371066
470856
103575
262173
781974
323045
664023
701071
873207
87964
503329
813369
656581
907052
766512
360929
159605
753653
101664
829624
310241
615125
136018
914057
916107
730
366484
48591
407581
91340
25659
319290
693844
384889
757308
161975
208829
969393
438976
356596
443408
30097
672286
55706
239156
766055
886570
25273
39202
144699
946786
680955
373258
607980
199482
557286
423226
109535
551603
486201
856717
616385
312127
741259
785252
74054
383090
404808
3454
994920
707847
129339
697952
74059
445045
806742
508877
864146
239227
531533
766977
532294
20869
614373
645500
773268
585373
999987
292197
261046
928290
3283
635932
241862
896840
806178
474579
228809
563207
347472
206889
69688
704259
602154
881637
450780
403540
803194
935183
682925
912732
233022
102753
693342
307638
469764
520760
752399
168201
942518
206334
596990
748775
307867
421668
623928
98839
498633
808396
577650
217810
629116
389826
162087
85000
711529
993984
972544
579822
663887
270589
94116
228735
311126
746211
960823
768163
316452
936012
537243
589141
509588
605150
200881
436996
688105
544522
447933
270943
364126
796237
507749
927425
105945
158711
607770
170771
523356
757626
943102
490609
385448
787346
886042
891965
340528
857166
143025
410980
497923
785395
443546
749322
940043
513296
565767
144050
485922
58664
881305
175913
323075
218310
357562
434529
308186
769387
87979
246572
626213
578717
468754
999297
464877
244192
267750
390790
563331
167154
909658
218857
838000
942546
348453
333519
187377
976494
429536
930469
634483
754559
847686
660842
702091
744582
26847
817425
575425
157201
697786
317379
625397
542382
937854
219004
742106
819214
756396
409322
390908
478312
855982
229982
649756
586933
228029
33498
579009
875854
462389
510500
657183
500427
773795
194195
108981
910787
246085
892220
404751
55949
797377
619109
730859
60039
798340
792561
529310
507110
363022
443469
128769
906469
927894
971699
672325
2597
437482
889706
226399
111640
34529
36064
892937
256528
742647
273837
429910
237078
280527
433553
708828
670854
534175
666554
463826
216497
355061
864343
9859
355263
811748
756999
725805
373018
636205
963401
358478
583212
72440
791358
249477
165594
229551
374246
165540
655992
546108
480507
223253
188504
808022
740460
356756
119869
258268
935144
112658
265690
697123
207246
627386
254022
832742
711331
49709
743198
624649
837035
933606
317243
108960
980804
197529
445077
25280
405517
98594
500041
827952
737104
476352
309154
458329
396123
721171
403149
157332
759630
637787
442824
641950
809325
501342
204860
77412
159192
300317
571514
520400
102566
942817
955022
526787
675072
694425
80753
261126
546481
833136
646010
639075
768829
558666
568087
634595
272357
521078
777532
64571
711229
554632
654996
144206
446401
480756
563530
882150
59740
738437
905208
336403
925369
224617
817439
849706
359994
914835
828584
417873
742399
673039
767443
670916
373773
160055
232339
13438
164147
825221
962469
846147
960887
658813
428364
610629
813504
469078
845713
727935
274863
7635
114175
981597
215623
164096
437008
136205
497025
818622
941960
709619
918333
948705
615749
116095
996997
839157
72504
677331
36887
589774
607273
477358
338298
531443
790510
774548
279253
333999
555127
911663
926335
908158
697489
590509
454001
808651
895321
41868
419227
457544
314836
100346
50390
592547
174388
137367
408269
8249
976296
126380
298188
752118
481999
716322
916645
495563
395346
308092
469711
467255
169846
157309
57066
699519
326832
300714
949020
209576
433579
401492
123624
736262
697522
500946
492574
902664
726384
707910
89065
913645
709863
251458
310369
101409
467498
206405
985851
310083
839516
195100
137955
25449
747947
393380
365339
473616
883010
936810
492173
469551
668540
270248
327954
820913
143981
677280
611575
934230
191099
519042
739090
884188
409853
660270
110303
183880
94727
162976
791616
522940
238148
284253
981607
231055
953446
420178
939731
383084
767415
880262
719119
624769
229115
872017
231439
296618
741717
968336
36503
265182
946306
315144
902195
821416
179568
786022
656232
255218
645956
400190
502651
352352
619212
315635
986269
124402
457825
643696
810064
675737
603878
366773
871167
306263
762288
172275
267357
910295
699072
531298
329659
526743
169371
103220
757117
981814
53215
261504
591982
46886
117103
175172
267600
612245
956654
995992
644496
387330
656257
998052
970658
689860
29159
326998
657944
850950
519978
405313
93673
883816
855683
441627
499776
642043
72117
899020
930164
95986
123773
293768
344308
956590
820612
582182
495107
893443
266036
372872
271557
426328
261847
14371
419629
926785
956049
500926
693911
186052
263201
365462
602528
821933
567257
436589
693373
423890
179840
29094
667320
814250
182979
244106
1472
47347
632257
840045
211305
289831
431944
635399
600310
249146
715169
980203
172171
30620
927338
484230
78583
160770
217565
798292
737876
49660
682986
38942
517615
449740
537243
812945
266462
952953
61085
176294
829675
612947
515321
601469
390118
16894
674279
236942
85504
462712
212965
314070
483783
294628
676175
599862
861371
190522
477998
137083
477243
217652
401481
537062
590706
229051
919751
497343
767417
872446
104613
275892
448482
514987
855835
583918
290070
167936
838233
304609
664983
205708
44975
479358
898980
485129
230634
201024
64233
365465
107455
521096
993155
896208
507331
531131
95548
71289
446646
873923
371740
555840
414794
944459
598162
539052
729853
927953
637620
798333
966278
724337
572940
609111
445619
636510
793472
482483
950187
726971
248988
627039
555243
440072
91364
335762
548371
690022
962500
797798
965984
435551
271066
896136
379938
247481
933018
728314
1391
196139
781412
836833
688793
995635
578431
712942
51119
693604
651195
515873
510993
393983
475729
265124
929456
141144
699297
591017
193452
263882
31824
179550
331611
795200
521635
756740
350726
546962
894199
296612
360022
680979
785155
269443
294385
966682
832168
468419
641136
330441
349938
737822
596572
390936
897806
813979
707977
175423
706188
984198
214260
71103
98337
401476
219818
128130
993664
714650
319299
401278
241403
674974
176352
965901
479656
384519
387529
843431
59089
50259
380283
971343
604663
889155
121095
382087
622626
276188
451617
931809
561539
571745
869685
657028
285756
531198
662568
296134
192976
754508
430834
891218
295270
270410
716590
543538
293077
248799
50783
624508
17663
524876
45519
921651
845203
618863
626225
308516
401901
452611
700181
909520
887815
42327
212317
432594
342647
184675
217154
130415
725212
155219
83359
444437
873235
533252
25616
888266
553945
712555
492067
77372
491539
420866
420273
968840
550765
614846
940148
895615
652094
939417
409289
574096
799332
108476
388189
765940
50160
552032
726094
595811
85396
299210
460396
218473
118962
328589
893491
950217
313131
473934
1004
247799
661192
787399
435683
126655
53855
576207
451775
51193
741785
521878
592404
640101
528897
90055
4225
938494
725956
858470
212569
626367
139075
6637
208898
598062
631438
323511
442981
888319
110315
161454
84453
556489
552363
666311
227239
872571
960620
682439
45500
559193
147386
292482
667456
632710
107858
242289
702816
905085
119851
216270
159910
837487
872966
782642
532882
637145
834394
45043
440054
427937
514280
385448
938714
335892
553808
42571
195302
622128
61827
20871
116864
819366
626088
570800
393020
47873
801344
938455
371893
709621
209378
839192
773637
326695
659921
909057
44320
198330
26187
509072
502659
886956
463106
559212
825597
865167
492549
714321
511231
352044
594298
956006
533083
743234
358086
106269
804014
501179
392833
724493
125362
608278
417178
644894
910980
102222
27951
179632
604256
292202
438311
741767
837008
921236
891238
221224
642179
705672
117684
830537
827443
368990
804588
678744
58964
586612
61411
737240
835471
9475
593488
349897
879574
868849
535813
731886
67171
981197
339055
444970
370791
123359
451024
947652
711356
623352
579185
742401
887292
375521
874790
369566
793001
106592
612849
79062
92602
664558
110230
173260
766049
511267
246594
918776
41965
858016
221750
82372
443107
491283
820746
39187
463630
116131
890377
15397
65385
619636
636936
648323
9026
403820
414886
545036
83198
264782
890587
278334
354155
47518
757841
895938
528479
336656
588195
173152
382568
4981
994238
297816
34594
990402
709408
468092
212256
438727
841190
292318
147983
143565
830678
787092
73351
463701
451532
491839
486935
975425
574838
698823
620075
815122
512207
212366
108760
61586
872518
345921
250359
172587
106329
78967
122284
480613
628891
578308
567147
49976
989898
739830
221702
17139
781035
278324
959202
456127
744881
355325
230755
998951
467474
247434
741333
829451
254063
360891
332673
723632
786453
25163
596671
315079
971316
176373
428237
99837
487753
885407
73175
727194
382423
760145
808196
721115
811488
924381
288430
996630
282562
232279
852305
357187
364587
541922
141853
9655
572107
372316
152512
437898
17834
816401
311487
40517
426203
729582
990289
23338
580007
564811
731527
308602
258224
52795
875152
628730
641325
402564
3150
293065
765027
150886
161620
655935
748429
597520
745777
473026
649715
301538
28379
15190
752237
426005
98590
195913
295406
785168
511643
814583
311659
499769
328441
934906
531667
390029
403765
181238
372520
464901
684603
922487
766548
31184
487453
237506
118126
331960
539896
757084
795650
49515
167843
890858
128354
480601
829123
360486
526062
851827
158778
874331
565148
304423
927373
337853
354708
244780
146345
310781
902322
432615
35231
930077
829804
902494
247931
543427
885005
606573
118570
312705
465078
582328
397114
901804
720353
244112
405920
35337
583008
284921
795628
105415
937443
379595
649018
30129
552527
685841
77538
765269
782352
480691
772327
273066
766021
472598
935822
518838
302118
317408
15043
475166
59741
421270
222370
476476
741837
787159
25089
541219
670259
249907
193233
148835
892829
802529
859988
315969
899108
955992
408129
427428
253210
6896
258960
241632
775385
48934
326726
510370
171054
982345
170133
829863
764344
590548
434838
991235
72832
154243
358872
84516
189793
644855
527293
716212
902907
455625
475150
427034
571843
396441
787070
132446
418926
776286
332614
829384
105943
147179
591073
523974
962321
341545
714041
469403
102796
373333
45104
302685
690693
234057
425369
603887
926271
625287
810922
462823
173112
200130
994024
626173
987816
606616
651587
598618
872453
404980
263805
528883
642135
585640
710200
775661
397556
627322
989158
139293
882204
1838
671604
378894
741062
367019
246456
575654
413979
514362
480253
50447
840898
341756
779401
893371
216317
962398
55877
146409
729530
863829
143925
226601
963526
224437
372288
739167
588685
170036
990798
98842
613933
283223
127258
351064
428536
265521
928199
941038
340488
366139
366867
956614
496790
648199
380596
524708
470526
293339
931759
344178
396367
26064
458575
758784
994863
451870
800349
196200
423600
468388
885039
95222
129839
121808
69458
714737
334847
393493
288899
658141
344605
783262
994572
520744
690338
541934
341416
907318
952802
769421
245915
690527
702101
389251
311979
646896
650069
486156
698639
249424
463317
960826
929965
432733
724176
893347
959155
782545
290066
728547
766317
780455
534076
153467
185797
413953
828889
539033
854460
395428
960333
690671
738822
584555
278686
698378
919392
511101
249543
211576
171244
846479
583291
174124
703353
911634
316051
35786
812026
277565
165476
862097
733859
941979
997530
588978
650486
824445
605766
927721
100056
698328
522750
265811
132141
884056
916593
184928
527096
881610
222445
654275
276647
309692
684260
116726
502364
576920
856180
762631
18583
573198
897336
817830
960924
599527
586490
884690
185607
256561
272194
202054
645002
34138
996478
684180
532811
518862
534247
390392
883242
741527
577438
82896
588321
985162
287349
158948
641530
222407
440537
462477
946756
218938
827281
996537
409473
838321
687647
765713
981974
878418
4207
70786
481358
918336
831660
109260
394643
335327
761705
922445
60248
106381
353263
95149
555141
301040
194255
362127
886796
50319
473923
359248
301845
384922
652360
97310
915475
988162
560087
417582
457799
884306
613675
198139
998059
441782
897810
643530
947829
148438
319703
877241
254701
392178
349474
864541
751624
298037
581184
713106
213351
520385
455649
685018
968603
723806
768032
844024
777530
601623
791458
507038
250182
441003
399422
43446
376299
88539
839912
903149
167149
668479
622764
931400
373979
931677
462224
358151
272880
947472
471023
65655
768726
951764
865884
137413
113321
646315
555298
890994
675428
280091
72020
140237
371135
732844
942993
114495
921914
447471
401426
209627
870885
73820
184742
908253
179663
681262
427365
122387
321738
784531
697355
232020
467335
823071
370429
458363
973465
371414
138702
569324
651982
311415
432238
318138
772130
360495
579611
378759
936341
25122
520077
251895
604362
622843
514136
138458
189824
129215
542480
388259
230047
671481
320444
627361
159893
451378
55429
649573
658492
72133
240160
4547
138693
26317
217506
140574
118000
918635
225867
114046
284497
651309
558769
729428
190300
488601
387428
958143
426650
98652
950455
768476
714132
50279
857427
875032
212230
958646
8457
115610
5967
193556
655547
330009
460010
65015
552971
214362
754808
557989
996990
383283
944796
789840
514148
329473
135120
427468
241784
409741
133277
204901
892796
758553
869264
10188
302731
290298
477451
622365
965613
758510
316552
756535
719688
803397
19462
119851
945606
55685
999809
375154
411993
46749
406024
895038
417724
204913
987750
671025
462868
837228
435630
670147
746129
892083
336893
925182
932281
898789
306322
417850
757930
253722
37470
816915
720076
305976
211775
590974
552465
717937
251223
797662
356631
568959
820130
775183
695500
858864
865802
636151
511023
409298
508131
945139
332561
258272
840688
949114
569001
702642
611181
844494
587257
404399
418493
268060
598276
655807
551802
593516
872979
625817
662717
297393
915118
323027
115438
892720
615691
959024
25923
518412
31729
904909
710050
770261
542374
566919
467418
818704
682753
750949
648442
889703
757495
330542
343068
912896
793498
976890
661686
30782
248068
44997
132091
627706
725544
699083
481670
318553
839508
505324
645369
774015
355109
963179
363721
907481
519430
91386
310375
815792
659104
389167
541522
8607
860301
7741
903794
318846
350565
764513
833439
662972
802309
245185
98199
123274
240335
485597
854579
950185
841212
606081
650241
759074
448824
905505
658751
938430
348630
800276
210259
297649
800862
843504
711259
434525
704447
240658
730047
120908
717108
498078
416083
341021
730307
241127
359671
418026
142688
755190
785465
542940
216165
982020
234732
627526
858975
679706
970760
399495
537959
156084
544632
429798
962588
745377
193274
444657
783184
611080
489864
336826
407777
605972
734226
45614
933336
473845
625698
896816
942194
110853
676648
114030
621047
185199
769682
643777
336107
11286
142212
119981
928643
882088
890190
491608
867430
59119
849304
155423
317596
636902
317703
625067
619380
515328
932780
838868
479650
227763
785288
97885
443614
275954
966383
934896
402349
918937
460274
896487
168446
348368
544594
674856
625287
469877
954516
274500
77742
28161
331054
269336
207930
697188
355377
245971
292434
947397
641870
607050
306544
27809
403593
133905
353974
308928
60190
323712
246464
988376
954556
747122
984094
732382
326674
313012
351329
854928
835138
486380
369392
600214
252354
666797
874980
202412
73466
959596
727823
91902
239759
792036
588428
722301
719117
981167
484306
915750
329558
9481
326239
41809
566968
691166
897579
138973
167238
558703
827215
992042
279904
381897
226838
366518
770473
378417
146804
868041
474621
26551
95006
302573
140190
14670
266150
792152
613280
849811
970062
226515
619693
55364
254115
168055
751421
479651
175752
738080
399927
203314
651058
957689
541113
260297
136936
973536
645501
323209
358689
47944
459158
388394
322365
673705
260143
272622
88693
625229
181552
274353
698110
244077
452624
156519
462879
224155
282584
529398
587200
431903
180178
892125
530710
845825
163287
488970
321060
692238
521139
629237
503495
149428
713143
667520
839781
153128
753467
527514
956810
456134
473274
87709
300429
642611
183318
431506
867267
472294
891632
900122
78503
128466
398447
113165
927525
707674
445977
847530
661384
45842
962032
67651
765853
316651
477055
892277
220974
169113
896981
569522
182665
521803
639931
70939
41885
32138
851835
33169
834988
892423
324058
150523
306251
401398
874325
2547
247908
30793
568207
409362
437660
763978
648359
994774
49041
329242
396479
287087
784939
941009
231045
982254
14543
421204
362779
923781
375254
749328
902286
268076
161578
992154
264922
146511
995148
172674
794432
149656
593557
334958
999343
742916
765129
331521
492429
885656
619200
308963
470944
289087
951733
733199
748479
72467
929913
626049
757005
404826
209689
800558
492321
649175
972115
562083
867712
869825
204872
650666
844125
512688
18097
405729
508634
682249
551685
775921
190435
959799
322654
288411
124135
702005
945411
821958
419676
703896
678683
130327
337658
518959
190880
243358
297139
396174
267181
890903
787185
159159
930726
429590
115078
438515
9335
29343
841215
180650
351750
463470
642326
516310
268832
511610
444165
241266
102911
264239
748044
319737
959907
947916
408498
872431
893354
938997
645638
482724
755378
88852
703140
988002
680364
724083
586274
345625
61533
846206
334859
786563
369432
904496
731292
935333
996338
594953
586284
230248
925085
690791
47664
808703
945381
617152
643964
309410
166423
793285
239025
530762
468934
944642
590964
411657
24247
413298
679384
237314
817001
944194
858317
638489
551260
91384
719205
529669
193538
935900
380236
351789
366250
748131
517323
182963
635408
296818
845357
291492
854382
717121
630666
396459
345809
700011
98357
404352
313508
873859
559493
844567
237329
808173
89512
980569
736251
449336
616228
734794
770804
67839
150022
778898
764296
901411
594936
428998
488012
378352
416369
46148
315331
16112
521757
509554
697977
927638
949551
225792
929381
933719
95059
601770
663196
88684
337448
776347
891210
88533
873148
75809
258761
464154
549983
59226
3538
694994
395696
230020
631820
713530
876192
796295
864011
719111
34229
254688
132893
198832
212202
185409
886566
764646
319990
119039
302705
732719
550613
452946
714333
294864
40286
440593
219419
702991
261654
415974
128888
299065
124758
934300
825149
398484
143379
45396
93355
971888
682123
953083
104387
34704
9971
116267
405270
400782
368682
205115
513177
651283
178155
312093
779191
756372
241642
895672
11816
179676
178034
497520
92868
392300
594285
205152
998670
704486
883286
847104
142873
86543
753691
258609
669092
5225
847124
455914
328916
925079
743027
696361
978214
366680
584020
586889
654498
498373
896833
333960