539864
429316
103325
588419
20900
175625
600636
444205
932014
457194
101192
947734
990561
884564
195061
973414
792986
760960
823024
707763
734848
947029
348356
679834
302614
521261
854251
24017
319822
800630
491431
718322
547820
915003
550118
515585
807338
860305
129367
182366
443652
279761
534721
837894
633687
41290
980764
373024
276956
625306
384694
778610
863907
11285
687472
488742
718349
450909
356184
785782
781515
629914
687718
681374
445741
148010
707011
534737
707527
514643
839717
822936
81381
877416
354145
440192
309394
950781
877847
456405
866799
91493
816166
927788
579446
628002
914757
638553
1378
329895
467532
227895
54882
377063
447527
959721
416500
16426
413154
316308
536333
215966
177846
961988
230248
960290
295366
479849
158882
816935
117433
327858
422184
990087
1369
633552
38479
860228
698914
839524
417115
863709
58069
936524
451621
256353
574403
875303
54894
782292
963463
557939
767918
709764
409675
257338
54349
738133
436044
59016
943707
220176
75225
614396
81467
45384
389904
837054
950583
967336
26462
700176
512187
569769
857775
591845
722761
425149
664808
208602
572399
136526
146753
977677
940566
425134
129136
374903
721384
764152
797386
733385
878008
751715
880321
722569
940734
307781
977191
615015
8936
91865
952755
881402
850062
455491
852152
648839
555162
636674
299083
70572
538325
149885
951922
186839
563978
921409
504385
288036
573828
172998
703162
453052
321723
320027
17322
134697
81074
866168
9546
760252
414112
532996
851477
269685
114952
394405
196558
302895
55766
525699
186402
106592
495064
303598
345500
564130
404443
196794
162878
615884
120293
953059
487088
319452
835545
425408
463652
48328
689506
362269
128098
895919
179038
941169
479222
746671
186997
153328
104223
950284
152753
394758
693063
885220
786515
587092
955868
187506
568040
670071
633236
304714
318295
363745
396096
530948
219091
191966
33411
117350
77227
182616
212033
764950
942576
120804
346979
297812
122726
858132
809738
991226
400487
24180
19301
491458
923087
48026
804973
106277
174708
901030
79864
379810
343982
129555
792515
959293
185177
297073
139912
827973
783740
456285
105063
111338
528799
489516
979645
915099
875839
908303
3065
501283
836003
11702
110384
155467
20285
678162
414923
2821
741152
255436
942029
805377
844890
316211
186491
833613
404600
648088
958470
980232
865711
18141
407376
672358
26620
315477
299276
413923
309112
502937
851222
476968
983026
255382
590007
358587
815864
331278
674103
927628
984274
473521
861903
624506
722242
830571
646283
557466
532271
909002
865040
631514
175975
9328
485669
375048
296754
734627
732476
940272
755838
890293
288307
776012
853353
119293
709388
1950
28957
219403
134519
614428
325214
333450
853931
966016
19434
172118
385149
520417
269950
666398
961068
470596
131300
718750
144064
916053
305680
489860
263456
702867
648744
56331
221058
740895
261904
604462
869141
126050
469841
996153
787577
63720
568783
954407
147739
70642
417706
765081
8273
633101
182696
750044
499958
669110
176293
738958
135353
554219
108001
137576
908665
170454
367601
37842
449681
104606
708733
677395
645531
860367
798952
996862
380547
508495
265951
456313
942607
934217
250276
605359
229255
82179
661425
243432
341712
703929
999640
443818
770504
802338
8866
332879
841227
937498
976553
906750
96205
716259
254538
616667
871614
674833
719991
34419
506092
586530
325034
69065
103293
573747
482525
611240
130268
836249
120981
348386
707039
21190
532380
960813
395413
607639
902218
771024
900150
380999
380568
294337
183663
838782
728418
369211
271090
546214
154606
473810
198879
848356
13145
370761
393595
153691
745204
597327
329109
227798
283569
268243
873298
567997
956141
638593
789245
200922
777319
989931
375509
618773
588725
195008
315389
243054
979493
257193
338524
198537
311775
42485
954266
156735
584167
607018
413092
675592
161899
615659
255330
455978
233106
860396
694166
496164
429302
590752
16085
28067
794698
590731
976427
382834
994561
616004
104794
556354
125291
372368
237187
78356
449211
785038
368355
723098
681284
611837
219639
228266
157590
919862
160736
842485
923105
506045
490537
905427
117479
661624
360678
987688
82990
676767
190032
160513
542934
312691
868994
896091
339398
119275
39753
732437
263156
702507
748774
467681
874525
23423
193264
567567
784875
904974
840258
603012
530017
328646
754056
935707
788456
316536
222921
596181
564777
560861
443260
225445
857310
903515
732387
24030
466649
958464
916498
747898
114108
973050
396507
800209
187902
188955
518111
402731
382944
423400
561229
888510
786996
280237
502397
819635
2443
287814
915701
910280
572572
972443
538148
667429
932979
991471
640540
376002
850923
705331
6942
798806
193516
146586
878485
666808
212435
104402
534032
916324
45638
812937
877027
505804
689344
968166
24186
561843
773132
161492
524117
3556
185843
95179
114117
360625
787274
140817
22721
556341
470054
463348
303817
29906
590732
738180
348177
756584
775908
921239
695032
527384
332375
764048
457505
906903
711061
967109
30671
350417
643203
702243
893155
573081
664884
111505
657436
873288
644470
855149
205234
239670
884775
152797
524009
979428
337526
351560
704560
594490
758024
232067
91604
926552
104639
826788
577187
124283
350347
149642
702228
11299
404480
741569
400139
514559
232688
91124
345306
310617
581725
722006
239199
710460
49022
326518
501786
290271
419978
103177
776725
133725
620497
218809
708032
866722
432938
141572
376558
106472
709010
577995
234758
72107
424321
578142
22996
321444
919232
937738
772094
980505
598718
516563
566009
606966
681801
681241
71633
453889
294233
985257
766540
410992
450333
460078
171080
454094
775532
367432
955898
313977
373684
86917
511171
766474
795267
921775
99174
519832
622697
906805
182150
230599
746286
247181
993904
703941
478680
663264
884502
524763
836156
863573
434474
385956
29316
652331
208558
79668
658852
81609
618010
80037
551677
935937
208093
985603
101104
820835
842675
310553
366811
969954
115718
700322
111373
694141
181808
930107
601834
489966
432262
75600
987892
392388
376009
118367
227945
384688
628484
6272
673937
882420
72088
686161
461289
190691
776469
714750
64994
373113
715266
752747
966954
478073
671565
641352
251274
876090
511332
314700
579615
440009
337581
316504
829664
321581
167622
146975
180574
869956
694640
303524
500408
685284
614823
464479
139033
874726
732030
646912
175072
336285
459045
912957
192870
691377
470242
679580
304897
831223
771931
580323
803723
569524
386142
505481
971118
460283
360470
442842
928830
207053
258981
90388
845057
803277
986602
45312
866872
199671
143032
407352
276495
79558
27130
136490
458210
811819
279434
34815
555068
975009
419794
656494
613764
124239
176039
980665
176168
993449
148221
69389
47665
520803
700276
744195
854443
343796
270385
525933
931004
327812
935359
249170
940369
991477
941609
124772
63213
345780
349586
795368
814292
255156
915091
993196
223632
944283
262731
585817
29019
579265
212810
86971
203602
498625
342170
764136
316532
619153
806975
114537
536311
719161
392225
852690
995181
774113
340511
442075
948657
968603
459726
657320
164538
165661
720537
679319
536061
309859
361537
44424
650194
145128
970457
477034
45092
636956
897904
614281
977068
257803
532014
424929
389071
875902
877662
502507
776210
607969
552897
95435
450268
877443
739155
669428
508790
657301
699524
323502
75216
935868
542225
902779
200245
186821
618992
535274
908298
210952
435442
134861
871000
105024
130751
695571
455624
670853
614568
535459
308219
190062
220350
858097
611606
293881
702980
615323
131123
2891
531418
635819
642159
402121
971277
497351
736751
76697
278198
356896
842149
119896
553083
98006
834755
164083
609767
61217
710156
16462
267986
378654
636624
770465
125057
632902
613765
133678
212976
734889
673630
886641
915412
298177
502659
110210
850109
856133
277382
697891
343464
386324
877027
565934
404291
346447
884429
253409
313070
163835
454438
290777
214238
374095
469504
91047
433245
613299
582553
857456
891616
300690
258313
461402
359207
761153
486022
50788
77979
942688
585032
53809
609527
299789
415335
111901
171887
968981
348753
480289
819569
933832
194299
467923
48016
396709
869100
304980
399861
416998
618535
495234
664435
733295
749778
263004
14528
712966
226218
134720
482244
752754
216749
557445
521074
233832
475620
135393
575385
137548
280447
784059
133580
385273
574873
901801
851562
436228
129669
903594
254710
298287
394961
906775
949535
474352
624819
711642
693269
356255
695403
520098
985529
3175
799062
555200
673256
420624
421293
993076
74137
569322
808198
994792
566615
53259
849360
873815
118181
267855
574348
745449
352218
690387
821216
579469
481821
720676
6019
760267
517233
335755
278199
517013
878922
866713
425180
79237
232751
30306
652298
974503
778494
324027
762148
583949
937896
751734
377880
387023
857069
166080
676792
524581
807016
521855
408101
502265
556917
571139
402887
627276
541784
780493
328200
324892
410498
968994
102761
854919
434599
946178
894762
649536
686296
690839
612531
327464
351410
525081
197838
511358
308795
760455
577754
555367
405959
325837
203702
987004
877937
801893
351306
63942
155583
75641
360851
74870
275986
693881
440711
3861
886470
190965
943640
749524
997958
530490
61427
653547
635065
941832
33496
32997
98877
548196
416496
520632
392919
417537
207843
162138
333219
646716
599798
113377
165405
857109
293503
685695
103423
49245
802538
143097
495737
480002
914936
513756
153116
471965
767911
513695
20135
745028
256274
710785
747022
247934
65701
412051
663451
287582
538900
211415
433078
452907
33808
451201
355912
420436
724562
377489
115199
401550
64460
368272
709215
109910
729813
903754
709784
169860
690608
864327
227942
673261
886591
580226
142691
419673
795195
315496
512837
86467
597549
881741
492684
115315
730703
635806
230422
673794
633780
190880
724227
304151
571673
136108
408436
62827
476798
893622
242341
579665
580493
809740
432569
695480
709426
208786
35984
420077
643011
469797
616764
864332
571619
506592
767704
990537
481690
196502
958142
439718
259429
536654
232902
5757
96368
291829
673370
221094
66120
857807
244858
594269
554754
525734
879973
793260
282470
703695
882213
362051
263311
545357
854731
162428
340371
475644
782090
257737
610555
250
988866
527379
90649
422055
47835
339325
654807
118003
161650
166226
167369
193768
411597
812870
668962
486327
156279
47585
347627
726494
781783
517923
469769
898242
886793
805973
584352
781228
918041
616240
320475
310080
713064
179545
186556
778997
192428
38352
417528
615624
110565
314023
595542
288032
340454
355955
512849
76579
624600
916120
530123
729510
152072
755388
648064
328363
786653
476030
443084
878515
103006
13871
940964
236041
866798
67518
856220
927094
318602
404521
806292
488450
245404
508911
860549
224469
725264
890394
263251
240610
428393
47933
804633
579620
968721
442854
33698
316067
22355
917030
588149
337309
929443
619939
346801
790826
672683
858240
328188
198087
407612
893335
549892
343436
241333
942571
51603
961665
752976
340977
934763
831452
95713
592179
563637
278
11019
528165
593020
715433
64328
145714
573785
506414
930944
639102
900045
965405
405405
575754
796500
637116
951565
994220
871504
351691
765532
510131
365975
10182
218095
173687
643621
156927
679279
550432
175631
715243
509425
884187
63487
506423
568494
725984
223472
387333
371214
244428
450748
457050
377331
617945
449908
102171
725851
697637
255881
852959
778565
679972
143772
463961
816476
960407
824227
992107
966559
120877
167919
507549
56535
612667
18202
732130
70906
289349
267607
805578
485032
854239
589812
726817
58620
190459
570172
801481
73740
68584
357348
124922
56145
13849
783164
564301
821452
187759
140881
201302
56929
978585
619226
418307
42187
842451
246805
683283
293040
132880
121543
624410
43918
100686
44477
715100
255139
61969
427101
790948
926040
957108
494111
630968
547516
941011
20591
206826
385611
902157
899972
954969
342921
930375
604342
143018
96100
306894
871490
911740
578520
740431
472501
137221
605211
984088
584346
884546
288873
629274
986944
377943
650478
995488
38315
775697
118343
816493
814370
882051
911391
239982
435009
593017
742037
91534
125304
251788
905685
612935
607177
153527
969046
253871
946015
423353
884526
156746
672361
245038
358060
205347
336972
804904
25208
254880
178434
506061
264453
816153
904149
694535
470944
924433
921070
233900
226147
525354
318109
377770
985636
387940
113702
766718
90589
880181
896410
904691
882508
622488
727966
439868
240382
115177
824698
583184
997997
985826
826720
14737
713311
613946
563669
29294
610379
207331
861001
424128
38812
513394
784503
678041
544571
179258
165208
113861
605697
832484
79635
742573
662915
276491
44620
872503
788341
56780
743494
675991
252330
768708
166154
980022
872863
936457
367679
415744
793838
914010
473676
577254
668505
734279
668276
204754
994117
509745
791148
382027
250467
496646
980992
537558
913409
254498
980637
103251
613183
252847
346890
269641
870906
764436
720295
779732
456575
383455
778759
485110
856432
160190
984098
806974
686647
395785
507966
30879
515942
632648
981124
699257
619958
701158
236672
481663
969519
170647
4715
262755
157302
605564
221785
174002
677886
5266
19423
93536
798927
246572
252980
276298
434901
72559
530286
433097
96727
743801
353336
803761
907610
210786
609606
702562
463828
702465
837537
736340
638942
522424
363473
165690
92167
244229
958801
275988
185183
95070
412091
804963
40896
173731
235124
274337
248602
40327
822357
8032
422120
467026
689443
239621
654456
358228
759397
876594
730306
670369
227519
468510
178850
19866
299332
864734
433148
285499
63893
850425
296112
800558
67912
739869
226385
433051
876345
491927
725563
108344
27219
430413
298119
201453
442817
452344
133236
878439
915513
674539
719302
593894
213222
949412
585972
949009
553682
355843
225845
92345
257725
940028
226308
751195
342263
449169
912547
578937
986299
620248
609280
527450
506229
817360
212050
729462
581124
951248
606822
851342