95
127
171
209
221
268
279
307
460
504
527
593
615
716
743
805
813
841
906
911
918
946
946
982
1011
1044
1179
1259
1391
1398
1442
1467
1496
1498
1555
1634
1673
1791
1809
1885
2121
2127
2130
2172
2179
2239
2283
2340
2401
2405
2444
2447
2543
2564
2631
2699
2878
3010
3118
3145
3164
3168
3199
3246
3290
3344
3352
3423
3469
3589
3683
3684
3689
3715
3794
3811
4503
4510
4542
4611
4626
4665
4719
4767
4778
4816
4858
4870
4884
4927
4943
4962
5001
5042
5128
5143
5154
5279
5317
5324
5386
5493
5524
5594
5649
5685
5893
5930
5987
6033
6075
6977
7050
7123
7158
7208
7216
7217
7296
7414
7456
7605
7620
7639
7788
8039
8064
8145
8161
8187
8298
8567
8890
12686
12700
12746
12761
12809
12839
12858
12889
12916
12965
12991
13142
13165
13205
13218
13238
13245
13271
13397
17679
17685
17700
17777
17835
17841
17905
17906
17926
17948
18042
18138
18188
18193
18259
18335
20082
20099
20105
20110
20188
20276
20310
20377
20491
20500
20515
20582
20616
20645
20652
20703
20843
20846
20871
22504
22532
22618
22639
22762
22807
22833
22880
22911
25154
25154
25271
25373
25386
25399
25405
25418
25425
26746
26793
26901
26921
27029
27038
27149
27258
27325
27369
28210
28258
28347
28387
28448
28495
28545
28614
28626
28657
28658
31731
31735
31745
31807
31819
31887
31949
32063
32072
32211
34017
34026
34042
35486
35553
35642
35646
35661
35905
35932
35979
35999
36037
42892
42926
42931
42955
42978
42981
43184
43206
50368
50401
50425
50457
54576
54591
54635
54648
54718
54782
54787
62239
62294
62390
62395
62485
62499
62590
62655
62771
62896
62900
62922
63045
63070
63139
63141
63228
63267
64955
64957
65023
65035
65071
65074
65199
65236
65248
65255
65356
65365
65371
65404
65408
65508
70142
70153
70194
70323
70328
70478
70502
70523
70573
70616
70637
70747
70980
71027
71076
71114
71185
72051
72251
72259
72313
72438
72456
72486
78995
79005
79022
79047
79079
79111
79161
79184
79189
79252
83175
83242
83326
83339
83441
83480
83516
83521
83586
83590
83617
83641
83683
83790
83820
83923
83966
83967
83984
84029
84046
84145
84163
84209
84211
84230
84273
84329
84346
84353
84365
84435
84447
84499
84533
84537
84585
84633
84779
84782
84848
85077
85569
85597
85634
85682
85754
85763
85921
86097
86123
86264
86291
86310
86339
86344
86346
86394
86528
86605
86610
86738
86765
86788
86799
86818
86844
86904
86967
86969
86976
86982
87006
87018
87077
87093
87294
87335
87354
87396
87436
87521
87534
87566
87652
87657
87659
87698
87726
87735
87759
87934
88027
88033
88094
88170
88239
88250
88366
88438
88474
88893
88904
88907
88951
89015
89038
89050
89054
89058
89211
89229
89416
89425
89466
89478
89532
89611
89618
89661
89684
89745
89758
89839
89849
89850
89909
89986
90042
90337
90467
90524
90637
90652
90712
90719
90751
90836
90838
90887
90963
90997
91015
91107
91162
91231
91338
91344
91414
91470
91472
91640
91649
91663
91671
91673
91743
91780
91803
91869
91941
92037
92057
92126
92209
92256
92312
92338
92339
92341
92342
92392
92488
92568
92605
92716
92730
92780
92796
92815
92922
92947
93000
93089
93256
93263
93339
93353
93380
93404
93416
93453
93469
93520
93596
93634
93662
93696
93719
93811
93854
93945
93962
93989
93990
94026
94038
94086
94094
94120
94142
94156
94174
94183
94230
94236
94272
94332
94363
94447
94538
94552
94562
94567
94702
94709
94732
94800
94940
94950
94972
95014
95037
95067
95201
95204
95212
95318
95318
95474
95488
95489
95493
95594
95595
95609
95644
95668
95686
95715
95774
95794
95813
95988
95990
96043
96096
96169
96240
96334
96376
96401
96450
96610
96693
96706
96774
96873
97033
97053
97074
97143
97174
97219
97232
97258
97276
97282
97414
97414
97426
97442
97592
97678
97708
97797
97899
98233
98276
98279
98289
98446
98488
98538
98553
98574
98597
98622
98724
98811
98829
98936
98939
98947
98993
99028
99059
99147
99172
99253
99260
99264
99276
99310
99315
99381
99560
99629
99674
99778
99792
99809
99814
99888
99915
99952
99977
100002
100076
100132
100138
100177
100227
100237
100284
100375
100377
100406
100411
100444
100446
100508
100525
100527
100528
100631
100699
100749
100842
100862
100893
100916
101061
101123
101125
101191
101314
101356
101446
101599
101621
101627
101628
101656
101699
101742
101795
101823
101910
102014
102109
102200
102355
102411
102432
102460
102499
102526
102529
102719
102820
102837
102841
102956
102970
103109
103199
103264
103286
103290
103393
103400
103427
103571
103589
103715
103850
103925
103937
103953
103955
103987
103987
104022
104062
104078
104093
104165
104222
104292
104302
104302
104345
104375
104473
104535
104710
104752
104832
104890
104945
105027
105046
105112
105147
105152
105172
105215
105259
105268
105347
105372
105417
105431
105496
105515
105584
105674
105873
105952
105967
105971
105990
106061
106098
106238
106272
106328
106353
106391
106755
106804
106963
107041
107059
107073
107229
107258
107283
107307
107325
107427
107463
107490
107497
107536
107544
107566
107608
107685
107686
107695
107805
107816
107998
108009
108068
108081
108083
108120
108129
108250
108275
108304
108321
108361
108519
108547
108581
108636
108665
108712
108761
108763
108768
108838
108879
108904
108916
109031
109105
109155
109254
109358
109375
109377
109435
109486
109494
109558
109605
109613
109630
109636
109755
109787
109809
109834
109890
109900
109938
109940
109946
110187
110260
110294
110328
110370
110615
110638
110651
110693
110709
110804
110884
110895
110908
111028
111048
111190
111216
111223
111279
111303
111348
111357
111391
111454
111467
111568
111601
111718
111776
111904
111906
111939
111965
111967
112008
112022
112238
112354
112397
112410
112456
112463
112469
112497
112603
112604
112645
112672
112748
112869
112901
112902
112920
112928
112933
113027
113061
113065
113078
113119
113142
113216
113255
113262
113265
113397
113458
113519
113548
113556
113769
113783
113801
113850
113872
113916
113970
113976
114025
114066
114086
114268
114350
114370
114414
114473
114611
114616
114624
114634
114721
114736
114764
114768
114880
114987
115059
115072
115116
115145
115289
115311
115347
115489
115501
115541
115557
115686
115708
115720
116001
116048
116123
116132
116146
116190
116315
116502
116533
116551
116573
116707
116774
116776
116820
116973
116986
117040
117084
117231
117339
117370
117410
117465
117473
117496
117559
117618
117755
117760
117789
117859
117910
117920
118039
118050
118054
118055
118056
118094
118132
118173
118234
118295
118374
118481
118535
118574
118672
118772
118818
118893
118928
119004
119054
119083
119088
119170
119184
119237
119272
119308
119327
119358
119371
119427
119436
119443
119570
119602
119728
119866
119874
120079
120113
120115
120152
120189
120374
120375
120386
120461
120469
120497
120677
120677
120766
120768
120777
120946
121052
121088
121186
121188
121330
121472
121528
121577
121578
123049
123086
123119
123156
123251
123317
123414
123422
123464
123483
123510
123618
123693
123785
125490
125538
125601
125672
125725
125759
125762
125952
126001
126077
126103
126143
127091
127102
127210
127268
127338
127363
127415
127445
127451
127458
127498
127610
127641
127677
127794
127802
127820
127878
127943
127944
127967
127986
128095
128115
128132
128156
128235
128273
128316
128376
128376
128407
128445
128477
128530
128605
128656
128684
128729
128842
128905
128946
130613
130631
130648
130679
130773
130780
130834
131003
131021
131027
131059
131077
131107
131121
131138
131140
131151
131151
131360
131368
131390
131409
131413
131450
131569
131605
131619
131627
131738
131776
131788
131804
131809
131833
131864
131891
131891
131937
131971
131973
131997
132057
132083
132130
132144
132200
132203
132224
138150
138156
138183
138288
138327
138385
138439
138449
138466
138522
138764
138803
138841
139136
139198
139212
139231
139253
139262
139264
139265
139354
139443
139449
139462
139482
139541
139559
139670
139740
139780
139887
139912
139946
139948
139980
139995
140011
140118
140141
140142
140145
140242
140409
140418
140438
141844
141884
141895
141903
141914
141955
141964
142000
142041
142048
142054
142091
142098
142167
142194
143060
143159
143204
143299
143467
143512
143558
143563
143616
143751
143763
143814
143851
144006
144165
144193
144454
144536
144544
144557
144687
144720
145815
145916
145936
145946
145950
147278
147283
147441
147563
147603
147663
147711
147845
147849
147854
147898
147986
148047
148121
148239
148255
148359
148437
148441
148448
148565
148662
149677
149680
149681
149684
149705
149713
149728
149753
149770
149787
149826
149862
149869
149922
149989
150095
150132
150176
150206
150239
150244
150259
150289
150387
150392
150405
150486
150575
150660
150739
151165
151190
151263
151269
151347
151356
151432
151544
151545
151556
151563
151607
151610
151706
151709
151733
151922
151929
151930
151964
152073
152096
152216
152229
152268
152311
152322
152348
152357
152390
152401
152454
152544
152639
152879
152933
152973
152984
153007
153081
153127
153130
153152
153362
153532
153560
153573
153592
153611
153634
153654
153713
153815
153897
153957
154010
154054
154105
154113
154209
154279
154329
154343
154373
154482
154526
154567
154626
154630
154806
154854
154857
154869
154873
154890
155067
155120
155160
155177
155200
155251
155305
155540
155619
155635
155729
155743
155750
155806
155823
155832
155866
156038
156057
156123
156216
156271
156297
156430
156506
156548
156555
156688
156712
156795
156899
156915
157119
157191
157195
157330
157349
157438
157476
157495
157503
157625
157632
157653
157658
157718
157833
157882
158073
158209
158257
158293
158305
158370
158617
158631
158666
158771
158773
158791
158862
159059
159070
159112
159125
159174
159259
159314
159377
159517
159567
159693
159699
159733
159738
159772
159804
159851
159900
159924
159974
160052
160059
160076
160106
160132
160181
160208
160234
160315
160341
160424
160473
160483
160605
160670
160672
160781
160801
160879
160981
160989
161008
161191
161271
161316
161498
161604
161748
161753
161838
161861
161980
162004
162097
162198
162256
162280
162299
162310
162325
162348
162349
162375
162382
162719
162719
162752
162753
162870
162923
162958
162966
162967
163008
163073
163123
163125
163294
163333
163370
163481
163549
163552
163563
163598
163620
163659
163779
163802
163831
163915
163961
163988
164055
164073
164104
164126
164220
164240
164246
164318
164322
164344
164349
164383
164422
164455
164561
164586
164635
164691
164960
164963
165038
165041
165060
165091
165116
165173
165224
165458
165527
165555
165589
165605
165620
165656
165660
165745
165754
165762
165823
165942
166021
166050
166145
166205
166251
166263
166370
166412
166476
166490
166566
166605
166616
166741
166759
166952
167155
167205
167211
167236
167268
167281
167358
167375
167386
167391
167410
167511
167532
167571
167572
167667
167726
167898
167995
168013
168037
168061
168270
168283
168283
168376
168393
168393
168432
168484
168555
168635
168705
168735
168783
168794
168823
168877
168897
168922
168976
169023
169040
169073
169102
169123
169158
169187
169212
169220
169262
169537
169566
169701
169710
169792
169806
169820
169868
169946
170030
170107
170107
170131
170151
170189
170196
170205
170217
170221
170254
170256
170260
170273
170299
170388
170472
170505
170514
170571
170592
170598
170614
170625
170640
170718
170737
170758
170765
170784
170794
170844
170881
170897
170904
170974
170980
171111
171137
171139
171162
171190
171200
171222
171246
171313
171381
171419
171486
171618
171636
171737
171793
171836
171837
171938
171946
171986
172069
172112
172185
172193
172202
172328
172367
172414
172613
172623
172710
172742
172826
172839
172973
173035
173048
173057
173066
173086
173133
173339
173359
173366
173452
173541
173618
173630
173631
173691
173753
173772
173873
173919
173929
173970
173977
173992
174000
174032
174055
174077
174138
174203
174259
174316
174369
174373
174454
174481
174500
174518
174542
174549
174557
174840
174973
174984
175164
175178
175180
175269
175306
175307
175315
175492
175560
175696
175727
175735
175755
175789
175846
175860
175987
175999
176002
176056
176062
176115
176134
176190
176214
176214
176218
176234
176281
176283
176301
176349
176395
176415
176423
176425
176503
176524
176526
176537
176545
176568
176593
176707
176758
176780
176790
176920
177180
177199
177269
177282
177291
177395
177437
177443
177473
177499
177547
177596
177711
177763
177774
177782
177786
177791
177924
178029
178037
178102
178106
178210
178246
178280
178355
178458
178484
178521
178679
178703
178711
178771
178794
178795
178847
178852
178889
178890
179144
179161
179202
179202
179333
179393
179418
179478
179533
179622
179625
179729
179746
179788
179816
179834
179873
179896
179899
179936
179938
179992
180034
180110
180114
180212
180251
180289
180328
180410
180411
180413
180415
180489
180522
180534
180561
180562
180640
180676
180719
180779
180865
180884
180930
180946
180979
181080
181342
181405
181443
181465
181480
181538
181609
181633
181656
181682
181784
181907
181912
181931
181946
182017
182135
182216
182337
182526
182574
182589
182615
182652
182673
182717
182831
182946
182964
182976
183031
183058
183135
183165
183230
183501
183550
183563
183578
183607
183611
183675
183742
183802
183803
183840
183858
183905
183934
183986
184013
184054
184188
184227
184375
184472
184480
184531
184551
184561
184703
185001
185092
185116
185122
185152
185169
185207
185230
185256
185290
185294
185324
185345
185354
185370
185390
185408
185493
185518
185540
185561
185654
185702
185720
185768
185811
185826
185894
185942
186013
186037
186121
186132
186136
186194
186237
186289
186345
186362
186364
186457
186512
186523
186572
186578
186605
186622
186682
186706
186711
186829
186834
186913
186922
186956
186975
186998
186999
187042
187066
187117
187133
187179
187226
187252
187534
187580
187595
187650
187651
187657
187659
187680
187711
187732
187807
187809
187899
187921
187925
187939
187952
187994
187996
188002
188084
188119
188156
188164
188196
188212
188262
188348
188385
188411
188442
188447
188465
188484
188660
188757
188781
188890
189042
189060
189085
189241
189283
189286
189307
189320
189380
189424
189516
189538
189557
189563
189574
189602
189701
189706
189726
189801
189967
190022
190069
190071
190091
190123
190137
190192
190220
190222
190287
190447
190450
190527
190565
190619
190635
190685
190708
190892
190924
190941
190985
191016
191119
191166
191218
191255
191412
191430
191498
191536
191608
191609
191639
191643
191682
191699
191835
191914
191939
191947
191989
192100
192135
192360
192477
192503
192518
192688
192711
192730
192858
192863
192909
201677
201719
201721
201758
201775
201946
202016
202109
202160
202176
202327
202335
202395
202440
202468
202652
202687
202706
202752
202834
202927
202963
202964
202983
203049
203123
203159
203171
203172
203196
203238
203280
203294
203342
203371
203377
203385
203400
203430
203464
203538
203575
203587
203588
203595
203741
203957
204084
204129
204152
204158
204200
204226
204283
204292
204293
204309
204353
204377
204414
204426
204457
204597
204606
204608
204623
204642
204651
204679
204723
204749
204812
204833
204871
207981
208128
208132
208162
208177
208195
208368
208499
208588
208687
208760
208782
208785
208818
208845
208875
208875
208894
208969
209048
209155
209156
209237
209244
209281
209298
209366
209425
209567
209583
209602
209621
209661
209683
209726
209737
209793
209942
209973
210163
210372
210379
210459
210537
210576
210579
210594
233007
233025
233190
233236
233265
233415
233449
233459
233485
233510
233529
233590
233662
233679
233684
233768
233772
233776
233846
233859
233969
233978
234023
234032
234059
234118
234246
234254
234284
234389
234452
234497
234501
234705
234814
234866
234887
234923
234943
234944
234958
235047
235076
235108
235209
235244
235375
235418
235486
235531
235546
235574
235654
235729
235778
235816
235861
235901
235952
236164
236239
236268
236304
236326
236377
236379
236403
236404
236543
236546
236652
236679
236691
236729
236773
236796
236851
236867
236968
237008
237028
237110
237232
237242
237254
237359
237393
237409
237428
237505
237536
237544
237570
237597
237639
237639
237677
237813
237837
237896
237925
237955
237966
238063
238081
238082
238170
238230
238293
238480
238584
238593
238602
238652
238663
238744
238842
239035
239048
239204
239213
239245
239311
239345
239370
239380
239509
239587
239607
239634
239638
239651
239741
239781
239793
239825
240030
240199
240219
240221
240224
240253
240279
240342
240570
240575
240608
240628
240638
240708
240746
240748
240796
240802
240884
241080
241087
241138
241151
241194
241232
241234
241239
241257
241277
241338
241344
241427
241470
241539
241542
241548
241605
241620
241710
241781
241803
241934
241959
241962
241970
242079
242099
242112
242127
242146
242431
242485
242486
242527
242538
243000
243005
243007
243018
243043
243177
243279
243296
243330
243362
243401
243449
243461
243479
243521
243547
243572
243749
243948
243990
244033
244099
244125
244144
244260
244323
244432
244439
244504
244593
244625
244628
244633
244694
244828
244905
244943
244989
245013
245141
245217
245219
245297
245303
245354
245359
245541
245553
245613
245648
245691
245707
245751
245782
245869
245944
245948
246004
246063
246072
246095
246124
246136
246184
246225
246231
246357
246402
246425
246496
246509
246584
246670
246780
246781
246803
246825
246856
246879
246889
246922
246987
247090
247144
247166
247227
247253
247286
247293
247332
247338
247361
247416
247443
247555
247581
247647
247682
247683
247696
247808
247828
247912
247975
248146
248239
248242
248296
248348
248382
248398
250215
250339
250344
250370
250511
250564
250616
250634
250672
250715
250844
250851
251033
251040
251041
251126
251149
251178
251242
251274
251293
251315
251334
251426
251505
251585
251608
251731
251771
251787
251882
251905
251910
251913
251979
251980
251983
252006
252013
252081
252102
252210
252227
252232
252343
252480
252577
252583
252590
252619
252688
252747
252800
252948
253008
253013
253050
253067
253452
253490
253514
253534
253539
253635
253679
253804
253809
253834
253848
253854
254046
254077
254104
254106
254117
254200
254263
254282
254564
254595
254647
254666
254885
254886
254911
254951
254965
255000
255017
255063
255136
255150
255179
255200
255275
255293
255314
255326
255340
255350
255357
255374
255465
255480
255557
255595
255597
255778
255813
255896
255901
255942
256044
256101
256127
256176
256188
256215
256235
256345
256377
256406
256423
256707
256708
256719
256722
256732
256750
256760
256782
256901
256913
256933
256944
257021
257048
257240
257266
257446
257447
257487
257517
257518
257603
257804
257884
257960
257985
258023
258042
258146
258213
258319
258380
258403
258406
258461
258504
258516
258556
258679
258771
258924
258944
258949
259059
259077
259104
259152
259268
259293
259321
259353
259371
259398
259425
259436
259546
259557
259564
259578
259601
259604
259630
259642
259722
259756
259933
260074
260155
260197
260272
260326
260387
260429
260453
260477
260485
260508
260538
260539
260665
260740
260757
260972
260981
261013
261073
261173
261180
261198
261201
261288
261372
261426
261455
261467
261509
261544
261567
261663
261717
261802
261949
262072
262138
262192
262308
262550
262638
262655
262675
262686
262691
262702
262730
262740
262761
262859
263036
263104
263202
263224
263282
263305
263367
263394
263447
263500
263524
263535
263631
263632
263669
263678
263702
263713
263724
263751
263772
263797
263803
263809
263841
263847
263853
263947
263963
263965
263984
263985
264005
264007
264018
264144
264214
264223
264273
264292
264302
264340
264470
264479
264544
264685
264732
264764
264829
264849
264868
264903
264944
264986
265039
265262
265303
265463
265493
265498
265524
265594
265617
265620
265663
265667
265697
265738
265740
265741
265749
265771
265791
265794
265823
265854
265919
265927
265930
266110
266194
266195
266250
266289
266365
266409
266435
266440
266552
266771
266871
266882
266903
266933
266959
267088
267092
267126
267163
267184
267184
267212
267248
267293
267321
267325
267336
267543
267544
267600
267688
267749
267760
267810
268002
268046
268071
268102
268199
268249
268262
268450
268526
268555
268562
268812
268822
268865
268902
268957
268970
268983
269033
269103
269142
269143
269236
269244
269329
269421
269646
269818
269824
269996
270033
270043
270082
270216
270242
270295
270334
270340
270357
270375
270449
270559
270739
270767
270814
270818
270839
270891
270900
270997
271031
271052
271090
271164
271165
271313
271319
271618
271686
271830
271895
271918
271928
271951
271952
272031
272069
272104
272151
272229
272284
272423
272466
272491
272502
272507
272652
272662
272704
272735
272789
272790
272808
272816
272912
272927
272941
272999
273155
273164
273187
273400
273412
273426
273478
273531
273559
273615
273621
273634
273642
273663
273686
273691
273703
273777
273809
273926
273946
274081
274085
274259
274290
274333
274352
274369
274437
274530
274536
274536
274556
274562
274564
274628
274672
274706
274882
274892
274933
275031
275086
275143
275185
275256
275282
275291
275369
275438
275473
275484
275495
275544
275550
275636
275660
275702
275711
275716
275734
275878
275923
275964
276008
276017
276055
276145
276205
276267
276268
276313
276381
276413
276424
276440
276442
276450
276528
276552
276605
276689
276763
276766
276896
276927
276942
277020
277101
277164
277215
277234
277246
277265
277308
277382
277463
277583
277617
277624
277669
277679
277748
277769
277891
277974
278039
278050
278069
278084
278100
278145
278212
278290
278356
278361
278368
278394
278396
278553
278631
278681
278794
278840
278969
278997
279046
279053
279079
279098
279104
279126
279157
279170
279191
279240
279323
279426
279449
279479
279552
279566
279696
279707
279708
279708
279733
281991
282001
282004
282152
282153
282182
282191
282254
282281
282297
282303
282316
282358
282372
282374
282383
282455
282521
282576
282582
282597
282635
282722
282780
282782
282802
282808
282933
282957
282979
283015
283020
283107
283184
283194
283267
283282
283284
283353
283373
283409
283426
283450
283454
283588
283619
283691
283729
283778
283810
283895
283978
283991
283991
284017
284021
284084
284106
284107
284165
284244
284292
284314
284317
284331
284369
284396
284489
284505
284517
284554
284560
284596
284600
284607
284688
284733
284817
284914
284917
284941
284960
285041
285048
285101
285120
285208
285289
285375
285382
285509
285534
285602
285733
285817
285854
285875
285958
285971
286042
286049
286077
286107
286124
286181
286199
286379
286428
286431
286483
286512
286523
286537
286551
286582
286610
286710
286722
286737
286750
286820
286898
287064
287194
287243
287246
287273
287288
287297
287350
287383
287429
287494
287675
287715
287719
287811
287873
288020
288082
288127
288154
288176
288195
288207
288306
288315
288318
288342
288342
288345
288457
288523
288721
288773
288790
288806
288843
288852
288893
288894
289154
289203
289253
289306
289350
289430
289443
289443
289481
289516
289518
289564
289657
289704
289711
289854
289868
289911
289918
289938
289942
289948
290029
290175
290210
290303
290327
290373
290396
290540
290701
290844
290946
291028
291063
291151
291197
291888
291890
291890
291925
291947
292031
292088
292128
292237
292394
292443
292454
292550
292555
292618
292779
292801
292806
292815
292816
292833
292963
293005
293067
293141
293226
293251
293365
293423
293434
293552
293553
293563
293681
293698
293744
293754
293762
293770
293781
293809
293825
293829
293830
293918
293932
294026
294040
294049
294061
294063
294225
294260
294266
294273
294631
294649
294773
294938
294960
295016
295120
295220
295262
295339
295373
295383
295420
295470
295477
295492
295529
295542
295679
295684
295728
296010
296018
296021
296048
296072
296107
296112
296124
296172
296246
296379
296427
296495
296539
296620
296640
296670
296692
296694
296697
296703
296709
296725
296740
296751
296765
296791
296816
296825
296862
296884
296886
296926
296981
297092
297132
297222
297273
297295
297312
297333
297335
297340
297404
297452
297519
297522
297579
297602
297771
297818
298031
298052
298288
298345
298364
298393
298544
298619
298669
298685
298687
298690
298758
298823
298863
298953
298999
298999
299045
299071
299148
299198
299201
299209
299314
299380
299460
299498
299505
299567
299574
299589
299632
299701
299740
299742
299769
299820
299852
299969
300065
300157
300207
300212
300272
300330
300382
300395
300434
300443
300478
300511
300655
300718
300732
300775
300856
300898
300934
300936
300938
300939
300964
301043
301048
301112
301184
301230
301259
301296
301506
301508
301518
301556
301566
301605
301702
301725
301924
301984
301988
302046
302049
302091
302091
302124
302184
302317
302451
302511
302576
302609
302659
302747
302773
302780
302786
302789
302828
302976
303053
303224
303232
303239
303317
303339
303359
303403
303446
303495
303502
303503
303546
303558
303651
303757
303799
303874
303897
303912
303982
304015
304053
304096
304123
304168
304252
304263
304292
304348
304369
304471
304475
304484
304573
304574
304579
304579
304599
304622
304705
304778
304788
304837
304840
304937
304959
304998
305016
305029
305056
305115
305132
305169
305312
305402
305413
305568
305631
305663
305841
305924
306040
306056
306092
306106
306111
306155
306215
306275
306319
306383
306440
306531
306561
306564
306592
306658
306698
306709
306711
306814
306829
306832
306894
306894
306967
307035
307117
307130
307143
307156
307166
307190
307205
307218
307237
307268
307287
307301
307329
307372
307387
307406
307480
307511
307519
307522
307533
307581
307677
307682
307787
307799
307886
308102
308106
308109
308158
308185
308188
308202
308244
308253
308276
308280
308304
308315
308388
308393
308397
308431
308449
308475
308551
308594
308601
308636
308662
308669
308710
308797
308805
308830
308833
308876
308961
309036
309115
309163
309167
309255
309284
309324
309356
309384
309489
309530
309556
309615
309700
309821
309866
309882
309887
309969
310032
310036
310090
310144
310151
310163
310195
310199
310353
310422
310555
310566
310576
310597
310716
310763
310839
310855
310936
310939
310962
310989
311001
311079
311190
311246
311273
311325
311347
311364
311368
311403
311448
311585
311740
311741
311750
311930
311972
312104
312131
312154
312234
312272
312339
312355
312439
312440
312462
312467
312470
312473
312540
312552
312555
312693
312705
312717
312760
312764
312915
312927
313072
313115
313123
313138
313198
313290
313349
313500
313529
313580
313597
313609
313760
313920
313951
313970
314022
314108
314123
314176
314186
314233
314292
314341
314606
314617
314667
314684
314762
314775
314776
314812
314825
314843
314858
314904
314932
315028
315116
315220
315248
315301
315380
315491
315579
315592
315639
315640
315661
315673
315774
315779
315920
315963
315974
315988
316024
316047
316055
316115
316132
316206
316250
316295
316308
316316
316365
316395
316409
316575
316585
316611
316615
316638
316649
316658
316711
316712
316918
316948
317092
317145
317229
317263
317363
317433
317460
317530
317736
317749
317809
317823
318008
318008
318042
318072
318111
318148
318211
318251
318353
318373
318385
318391
318404
318509
318520
318549
318737
318759
318765
318781
318784
318876
318921
318923
318933
318986
318988
319004
319154
319274
319340
319373
319425
319475
319502
319654
319734
319776
319844
319853
319854
319862
319903
320110
320126
320144
320162
320182
320217
320275
320350
320408
320471
320477
320537
320591
320712
320763
320787
320795
320826
320890
320910
320926
321059
321119
321135
321170
321177
321226
321268
321292
321297
321359
321383
321445
321647
321648
321662
321665
321681
321715
321755
321761
321769
321819
321863
321892
321922
321967
322016
322027
322033
322048
322159
322160
322182
322190
322253
322283
322306
322346
322366
322421
322476
322528
322556
322595
322679
322704
322762
322795
323002
323069
323090
323107
323282
323287
323297
323378
323514
323548
323582
323634
323641
323695
323837
323860
323911
323926
324021
324029
324060
324085
324145
324202
324248
324341
324520
324539
324548
324555
324580
324645
324653
324825
325002
325024
325081
325112
325115
325189
325220
325222
325376
325426
325509
325539
325545
325582
325626
325953
325978
326083
326154
326231
326240
326249
326286
326349
326413
326539
326584
326646
326771
326849
326888
326925
327064
327228
327241
327379
327437
327443
327443
327448
327453
327498
327536
327636
327661
327676
327717
327770
327852
327866
327882
327895
327943
328014
328068
328073
328133
328155
328181
328199
328212
328284
328286
328297
328310
328324
328412
328460
328513
328549
328598
328607
328933
328942
328947
328967
329136
329184
329245
329544
329565
329601
329633
329742
329790
329845
329990
330044
330058
330082
330180
330197
330255
330307
330314
330328
330348
330362
330435
330469
330535
332601
332630
332682
332758
332761
332913
332958
332972
332978
332986
333077
333078
333092
333202
333238
333302
333327
333356
333442
333450
333522
333528
333668
333710
333730
333803
333830
333915
333926
333927
333973
333976
334151
334172
334205
334208
334231
334273
334298
334311
334318
334366
334381
334396
334497
334517
334521
334535
334560
334588
334599
334641
334839
334910
334913
334967
334994
335164
335178
335217
335270
335309
335370
335467
335493
335536
335568
335628
335903
336056
336063
336089
336159
336210
336224
336289
336327
336438
336467
336561
336611
336612
336658
336679
336714
336748
336771
336863
336876
336935
336953
336993
337003
337025
337037
337062
337068
337091
337105
337139
337164
337270
337304
337304
337408
337420
337434
337680
337723
337727
337802
337808
337983
338085
338106
338122
338146
338166
338215
338249
338306
338314
338362
338363
338459
338471
338633
338739
338760
338953
339003
339042
339042
339046
339050
339252
339266
339291
339303
339345
339347
339351
339460
339493
339494
339531
339607
339665
339678
339715
339735
339784
339793
339816
339854
339923
340036
340179
340282
340520
340534
340611
340637
340642
340645
340673
340718
340734
340840
340932
340968
340991
341035
341131
341227
341240
341404
341414
341444
341474
341488
341573
341647
341726
341764
341783
341876
341880
341935
341993
342078
342104
342107
342139
342236
342296
342343
342343
342350
342405
342412
342490
342524
353379
353442
353473
353651
353670
353706
353793
353846
353919
355418
355431
355443
360441
360460
360463
360472
360527
360572
360630
360678
360946
360989
361077
361135
361219
361273
361346
361379
361487
361504
361569
361588
361654
361657
361660
361762
361775
361814
361851
361866
361884
361901
370865
370889
370941
370972
371044
371072
371139
371421
371447
371458
371500
371563
371575
371588
371703
371732
371748
371767
371807
371833
371856
371892
371942
372047
372135
372160
372195
372320
372335
372337
372372
372440
372600
372621
372713
372840
372848
372905
372910
372953
381186
381344
381359
381418
381467
381469
381482
381509
381509
381518
381626
381641
381694
381790
381912
381921
381926
381981
392052
392074
392103
392183
392296
392298
392358
392363
392400
392503
392578
392658
392666
392729
392763
392777
392793
392814
392819
392836
392867
392896
392939
392951
392967
392969
393033
393045
393049
393052
393077
393128
393230
393324
393440
393466
393483
393553
393577
406597
406617
406625
406812
406821
406835
406847
406854
406855
406862
406966
406982
407055
407069
407101
407126
407155
407177
407182
407230
407267
407306
407405
407421
407488
416734
416761
416849
416877
416958
416980
416984
417009
417063
417064
417074
417131
417174
417197
417237
417710
417728
417780
417814
417902
418004
418122
418144
418222
418343
418370
418374
418535
418666
418743
418831
418857
418890
418950
418972
419031
419057
419150
419183
419338
419392
419450
419537
419630
419797
419799
419810
419853
419912
419947
419950
419965
420001
420011
420072
427149
427258
427262
427300
427366
427383
427399
427422
427425
427433
427434
427439
427538
427606
427611
427649
427711
427800
427813
427845
427862
427872
427885
427897
427909
428052
428146
428163
428305
428308
428336
428439
428461
428526
428549
428577
428585
428601
428618
428708
428716
428781
428790
428825
428887
428942
429099
429218
429226
429247
429293
429315
429347
440958
440960
440995
441178
441252
441278
441309
441311
441356
441410
441482
441522
441668
441689
441712
441750
441787
441807
441842
441965
442070
442174
442383
442438
442448
442537
442641
442725
442807
442828
442851
443001
443035
443052
443145
443155
443161
443258
443286
443377
443402
443551
443779
443941
443991
444028
444040
444042
444049
444068
444112
444113
444244
444276
444306
444450
444521
444714
444764
444853
444874
444907
444929
444952
445005
445022
445067
445068
445088
445161
445166
445233
445277
445290
454961
455181
455202
455244
455249
455292
455352
455386
455490
455591
455592
455734
455800
455837
455840
456010
456110
456200
456244
456386
456439
456511
456539
456557
456586
456602
456618
456767
456813
456819
456851
456911
457049
457063
457098
457118
457153
457346
457370
457472
467224
467289
467326
467371
467427
467446
467507
467532
478857
478871
478875
478930
478949
478982
479012
479048
479115
479136
479144
479425
479478
479544
479588
479741
479765
479796
479809
479829
479837
479846
479903
480072
480109
480261
480268
480434
480439
480489
480510
480527
492424
492505
492574
492605
492651
492701
492722
492769
492789
492819
492941
492945
492985
493028
493054
493177
493193
493193
493194
493250
493258
493264
493447
493500
493501
493538
493617
493675
493690
493713
493733
493741
506001
506016
506027
506055
506102
506127
506155
506191
506231
506254
506260
506266
506293
506357
506375
506420
506430
506432
506463
506538
506756
506772
506846
506873
506940
506999
507065
507195
507195
507281
507298
507322
507354
507611
507624
507698
507714
507720
517987
518014
518236
518430
518475
518557
518608
518662
518698
518716
518720
518745
518814
518817
518935
518948
518950
519022
519048
519078
519093
519111
519170
519174
519187
519286
519302
519348
519378
519480
519517
519573
519614
519620
519698
519815
519851
519882
519907
519910
519946
520082
520084
520180
520205
531479
531551
531599
531627
531653
531661
531678
531739
531751
531870
531890
531984
532022
532043
532095
532108
532152
532160
532177
532387
532528
532552
532569
532574
532609
532615
532658
532684
532819
532835
533081
533182
533197
533209
533219
533236
533320
533347
533370
533401
533414
533468
533510
533527
533580
533640
533766
533782
533871
533903
533941
533965
534056
534060
534063
534070
534107
534122
546494
546550
546552
546570
546571
546601
546672
546725
546726
546793
546842
546842
546937
546938
546978
547096
547131
547203
547213
547218
547218
547288
547291
547354
547359
547374
547408
547412
547444
547462
547518
547619
547654
547662
547715
547778
547782
547801
547976
548088
548208
548337
548358
548408
560073
560075
560103
560158
560268
560456
560517
560537
560661
560740
560759
560785
560812
560817
560972
561072
561085
561105
561176
561178
561179
561184
561190
561214
561247
561311
561315
561352
561354
561414
561422
561483
561501
561556
561698
561729
561806
561816
561864
561904
561908
561934
562049
562123
562154
562188
562223
562289
562316
562374
562384
562520
562528
562537
562572
562588
562605
562730
562775
562806
562822
562828
562831
562958
563071
563107
563324
563395
563498
572690
572733
572750
572796
572908
572928
572934
573021
573058
573092
573127
573165
573191
573207
573226
573230
573245
573275
573315
573328
573361
573402
573413
573444
573540
573704
573752
573754
573794
573795
573800
573815
573886
573909
573915
573927
574004
574045
574064
574117
574118
574253
574304
574314
574390
574395
574428
574484
574509
574570
574621
574672
574778
574813
574864
574871
574979
574982
575028
575104
575363
575386
575394
575426
575447
575543
575701
575740
575818
575839
575868
575887
575939
575956
575978
576020
576112
576153
576223
576245
576247
576285
576307
576328
576381
576475
576532
576666
576796
576802
576971
577197
577202
577215
577227
577315
577322
577364
577387
577460
577530
577557
577588
577592
577599
577662
577778
577933
577968
578029
578184
578192
578269
578277
578307
578363
578391
578456
578515
578550
578557
578663
578682
578736
578741
578754
578812
578813
578907
578917
578951
578977
579149
579179
579192
579289
579307
579418
579481
579512
579532
579581
579667
579697
579740
579804
579817
579890
579965
579975
580173
580178
580218
580265
580281
580288
580363
580445
580609
580614
580665
580715
580719
580866
580867
580880
580945
581018
581058
581113
581126
581129
581149
581178
581244
581285
581304
581339
581386
581438
581652
581701
581764
581803
581815
581915
582050
582099
582126
582145
582150
582176
582181
582248
582278
582318
582405
582455
582498
582510
582515
582530
582531
582554
582580
582619
582754
582772
582828
582853
582869
582893
582899
582900
582994
583002
583030
583076
583084
583230
583242
583372
583377
583388
583485
583538
583668
583764
583768
583782
583785
583789
583818
583885
583886
583905
583906
583914
583993
584151
584264
584271
584273
584325
584361
584384
584408
584574
584622
584640
584653
584763
584941
584979
585020
585037
585123
585139
585241
585248
585262
585264
585291
585435
585515
585519
585556
585576
585636
585648
585914
585948
585948
585980
585999
586036
586084
586085
586170
586178
586255
586305
586384
586398
586452
586625
586648
586659
586675
586685
586831
586840
586896
587015
587042
587265
587265
587290
587292
587317
587359
587429
587452
587483
587486
587497
587520
587553
587571
587598
587660
587695
587713
587762
587870
587898
587912
587946
588021
588106
588129
588172
588264
588487
588519
588523
588534
588626
588635
588654
588655
588829
588884
588939
588990
589026
589173
589181
589410
589517
589529
589536
589627
589674
589737
589803
589832
589836
589872
589971
590020
590083
590115
590191
590220
590246
590246
590266
590270
590282
590366
590374
590432
590495
590501
590511
590700
590705
590709
590735
590751
590753
590756
590762
590771
590785
590796
590847
590851
590854
590899
591005
591017
591026
591034
591109
591168
591251
591271
591315
591378
591458
591495
591508
591540
591548
591554
591627
591664
591665
591713
591729
591763
591779
591814
591831
591904
591949
591982
592112
592212
592225
592248
592288
592370
592378
592408
592462
592467
592469
592484
592490
592501
592527
592542
592626
592667
592693
592783
592857
592890
592973
592975
593094
593105
593115
593122
593190
593233
593472
593475
593523
593525
593545
593610
593639
593671
593691
593724
593764
593768
593777
593784
593879
593889
593902
593943
593945
594105
594128
594140
594202
594298
594351
594372
594414
594417
594422
594447
594513
594634
594635
594718
594757
594907
594965
594965
595015
595035
595189
595253
595255
595335
595394
595608
595661
595677
595744
595756
595783
595886
595920
595948
595986
596035
596036
596053
596092
596116
596158
596232
596256
596264
596309
596339
596346
596367
596510
596523
596602
596624
596694
596700
596714
596734
596791
596825
596907
596984
597080
597102
597141
597220
597237
597242
597302
597303
597304
597304
597314
597331
597332
597427
597479
597508
597578
597593
597611
597635
597648
597653
597691
597720
597734
597770
597881
597897
598007
598190
598273
598360
598425
598430
598451
598485
598498
598516
598524
598530
598540
598644
598653
598660
598666
598726
598762
598866
598881
598954
598998
599066
599096
599123
599149
599171
599195
599256
599257
599290
599303
599403
599434
599513
599518
599563
599639
599653
599713
599776
599787
599824
599932
600012
600463
600498
600690
600782
600821
600899
600920
600984
601065
601088
601111
601130
601209
601241
601287
601293
601297
601347
601358
601413
601616
601644
601701
601715
601860
601887
601907
601955
601975
602067
602076
602168
602172
602219
602231
602249
602385
602393
602433
602446
602528
602569
602684
602714
602776
602937
602962
602990
603105
603106
603117
603283
603312
603390
603404
603539
603570
603577
603584
603591
603645
603693
603717
603727
603803
603818
603864
603915
604035
604079
604188
604269
604293
604406
604475
604485
604516
604521
604557
604580
604609
604646
604911
604918
605003
605004
605011
605014
605064
605086
605107
605249
605281
605283
605365
605378
605476
605564
605677
608398
608429
608480
608514
608520
608655
608675
608685
608749
608817
609003
609019
609089
609225
609264
609265
609295
609336
609411
609445
609446
609488
609572
609640
609682
609734
609862
609902
609963
609992
610026
610066
610073
610080
610188
610190
610239
610252
610395
610404
610458
610743
610768
610813
611022
611035
611073
611082
611093
611152
611298
611350
611379
612292
612324
612354
612409
612443
612503
612504
612523
612561
612583
612706
612753
613000
613057
613087
613092
613157
613201
613254
613256
613295
613338
613358
613383
613402
614242
614284
614328
614348
614356
614379
614485
614607
614621
614636
614657
614661
614713
614757
614817
614844
614956
615029
615249
615313
615334
615371
615585
615616
615653
615769
615809
615865
615966
615973
616185
616245
616257
616300
616335
616336
616424
616664
616683
616728
616753
616783
616798
616833
616967
616975
617034
617067
617114
617149
617150
617166
617199
617242
617283
617298
617328
617335
617402
617480
617604
617607
617656
617713
617732
617813
617833
617854
617870
617942
618028
618036
618087
618159
618203
618225
618283
618397
618429
618647
618686
618778
618949
618969
619003
619050
619093
619143
619178
619189
619204
619216
619334
619339
619389
619419
619420
619477
619486
619564
619737
619744
619753
619787
619789
619818
619880
619894
619941
619971
620026
620031
620062
620085
620117
620145
620206
620249
620286
620302
624038
624100
624134
624160
624196
624314
624404
624411
624454
624537
624573
624595
624659
624888
624898
624900
624971
625013
625062
625079
625166
625207
625248
625331
636915
636920
636921
636967
636980
637029
637095
637248
637249
637293
637307
637386
637388
637389
637444
637546
637576
637577
637618
637622
637672
637710
637712
637862
638045
638109
638138
638249
638284
638292
638300
638313
638322
638330
638402
638454
638500
638547
638570
638576
638578
638657
638759
638764
639020
639045
639087
639152
639165
639202
639327
639371
639457
639535
639551
639566
639606
639737
639749
639762
639792
639838
639986
639998
640074
640130
640162
640194
640235
641329
641371
641509
641538
641565
641571
641609
641612
641692
641715
641908
642032
642055
642079
642237
642244
642293
642306
642372
642381
642391
642403
642501
642516
642584
642602
642862
642893
642923
642924
642953
642954
643062
643065
643200
643203
643212
643318
643448
643452
643457
643616
643645
643660
643830
643882
643888
643899
643939
643940
643948
643954
643964
643990
644052
644103
644181
644187
644334
644339
644509
644520
644529
644545
644660
644704
644717
644753
644849
644909
645008
645069
645075
645092
645100
645153
645188
645223
645315
645449
645513
645525
645530
645570
645575
645593
645642
645678
645691
645790
645834
645834
645880
645993
646010
646042
646100
646151
646334
646340
646386
646562
646615
654376
654385
654426
654505
654535
654536
654696
654739
654764
654773
654827
654998
655009
655015
655091
655136
655152
655182
655191
655264
655317
655318
655349
655357
655374
655386
655421
655462
655505
655617
655620
655761
655770
655846
655920
656015
656033
656067
656093
656124
656196
656246
656346
656401
656419
656425
656475
656482
656486
656597
656655
656681
656700
656798
656865
656933
656940
656999
657105
657162
657272
657272
657315
657406
657430
657434
657483
657533
657539
657580
657598
657614
657634
657709
657813
657846
657848
657955
657985
658154
658171
658188
658197
658226
658240
658240
658292
658304
658322
658330
658393
658577
658594
658683
658691
658730
658761
658935
658965
658989
659147
659218
659245
659288
659340
659360
659392
659482
659529
659586
659635
659647
659771
659802
659817
659845
659898
659993
660055
660139
660153
660163
660237
660241
660296
660405
660424
660525
660570
660604
660631
660655
660713
660815
660835
660858
660903
660954
660993
661041
661108
661165
661241
661330
661341
661443
661527
661670
661733
661817
661833
661833
661862
661868
661885
661890
662057
662075
662077
662103
662103
662218
662241
662323
662355
662381
662404
662406
662434
662513
662559
662572
662626
662675
662780
662786
662813
662830
662831
662858
662859
662908
662918
662954
663028
663058
663090
663192
663198
663284
663288
663466
663566
663600
663684
663718
663763
663810
663858
663872
663913
663970
664072
664142
664143
664225
664264
664280
664357
664410
664438
664472
664589
664605
664663
664817
664840
664868
664894
665143
665170
665264
665327
665426
665444
665456
665634
665635
665644
665668
665675
665708
665724
665752
665779
665923
665931
665976
666014
666039
666117
666174
666262
666334
666336
666355
666493
666511
666522
666555
666558
666671
666737
666739
666776
666788
666840
666903
666972
667042
667084
667090
667258
667302
667321
667330
667335
667354
667407
667448
667477
667567
667618
667725
667789
667909
667939
667949
667984
668007
668080
668099
668107
668555
668588
668601
668738
668842
668844
668877
668965
669111
669148
669212
669269
669300
669372
669382
669421
669446
669528
669565
669581
669673
669676
669737
669768
669842
670108
670113
670116
670237
670267
670321
670376
670447
670479
670518
670543
670575
670676
670693
670712
670795
670808
670845
670971
671000
671117
671196
671272
671314
671443
671454
671477
671489
671617
671633
671653
671772
671794
671801
671802
671817
671818
671818
671840
671903
671930
671953
671967
672033
672090
672190
672209
672218
672236
672275
672312
672345
672492
672530
672588
672665
672668
672717
672731
672743
672780
672821
672914
672946
673020
673023
673049
673192
673311
673341
673398
673414
673483
673526
673575
673588
673618
673636
673673
673734
673768
673774
673792
673797
673803
673922
673937
673957
673965
673979
674021
674022
674064
674095
674097
674133
674145
674168
674203
674255
674281
674380
674420
674450
674526
674717
674733
674746
674818
674857
674882
674885
674890
674925
674996
675072
675083
675107
675188
675198
675251
675387
675406
675416
675482
675530
675538
675560
675613
675622
675635
675637
675684
675699
675767
675783
675795
675930
675936
675936
676044
676056
676086
676232
676350
676394
676439
676464
676659
676697
676713
676735
676740
676741
676746
676758
676946
676970
677043
677088
677168
677204
677221
677243
677260
677459
677525
677568
677613
677613
677618
677645
677702
677710
677873
677953
677971
677984
677988
678054
678080
678084
678100
678161
678174
678231
678258
678288
678288
678317
678334
678447
678505
678524
678659
678696
678697
678823
678829
678940
679099
679101
679107
679270
679287
679311
679313
679338
679379
679431
679440
679520
679525
679592
679656
679790
679903
679927
679947
679950
679965
680047
680220
680392
680419
680478
680518
680613
680642
680655
680851
680958
680964
681026
681147
681180
681212
681219
681225
681280
681372
681409
681513
681565
681642
681995
682022
682030
682099
682101
682117
682125
682245
682270
682366
682408
682482
682489
682532
682598
682616
682665
682693
682777
682787
682796
682819
682857
682882
682896
682955
683130
683168
683246
683286
683399
683421
683432
683440
683514
683519
683537
683539
683540
683616
683619
683625
683720
683773
683805
683859
683868
683892
684078
684090
684105
684110
684114
684184
684196
684206
684264
684396
684457
684504
684510
684519
684557
684586
684615
684645
684683
684714
684748
684772
684867
684926
684943
684988
685182
685188
685212
685295
685311
685325
685508
685515
685557
685622
685657
685673
685801
685823
685873
685993
686027
686175
686186
686265
686306
686548
686550
686639
691858
692060
692071
692083
692215
692291
692301
692334
692351
692533
692542
692761
692861
692874
692874
692941
692943
693016
693054
693103
693114
693117
693158
693249
693286
693400
693496
693515
693522
693532
693581
693616
693617
693755
693768
693842
693897
693953
693977
694117
694120
694149
694168
694271
694273
694376
694421
694445
694510
694556
694582
694607
694642
694652
694681
694696
694721
694732
694858
694918
694942
695146
695149
695247
695289
695321
695435
695456
695531
695634
695639
695673
695688
695777
695974
695985
696055
696142
696149
696181
696212
696288
696314
696338
696391
696455
696568
696613
696640
696701
696722
696722
696724
696832
696869
696879
696969
697036
697042
697114
697137
697170
697222
697286
697340
697403
697435
697471
697490
697490
697508
697624
697687
697786
697812
697863
697893
697950
697977
698124
698143
698154
698160
698281
698292
698312
698326
698368
698382
698428
698447
698517
698575
698621
698634
698649
698872
698883
698885
698925
699204
699253
699264
699331
699358
699365
699385
699445
699445
699480
699492
699493
699502
699538
699561
699631
699636
699641
699690
699771
699866
699914
699928
699970
700012
700053
700079
700131
700175
700251
700258
700357
700395
700396
700467
700477
700499
700530
700541
700576
700618
700634
700699
700721
700785
700843
701058
701139
701244
701279
701299
701321
701358
701386
701396
701396
701398
701451
701486
701556
701566
701711
701714
701721
701767
701796
701844
701946
702016
702052
702064
702126
702170
702195
702240
702321
702355
702359
702364
702365
702395
702440
702440
702457
702463
702484
702493
702536
702610
702793
702804
702867
702934
703011
703022
703061
703123
703275
703471
703573
703607
703647
703672
703811
703821
703950
704056
704071
704096
704192
704227
704227
704245
704268
704291
704317
704344
704401
704436
704579
704602
704662
704714
704718
704759
704771
704828
705090
705117
705272
705332
705338
705383
705398
705507
705508
705509
705580
705666
705698
705747
705810
705912
705929
706000
706006
706009
706026
706037
706056
706091
706116
706161
706184
706216
706220
706288
706290
706324
706330
706436
706441
706507
706568
706606
706664
706674
706761
706820
706862
707030
707041
707159
707169
707180
707258
707348
707442
707469
707496
707575
707626
707665
707779
707925
707943
708040
708072
708100
708100
708103
708119
708178
708256
708265
708287
708423
708446
708494
708511
708701
708738
708760
708800
708896
708897
708949
708999
709014
709087
709102
709124
709176
709217
709264
709399
709411
709483
709601
709614
709735
709754
709762
709805
709812
709818
709862
709889
709910
709913
709935
709988
710055
710069
710072
710075
710084
710084
710102
710179
710265
710338
710358
710381
710389
710466
710488
710530
710590
710799
710938
710968
710987
711116
711145
711173
711249
711282
711350
711379
711402
711445
711473
711514
711536
711574
711602
711725
711730
711739
711749
711763
711769
711870
711897
711905
711950
711991
712053
712082
712111
712157
712191
712220
712258
712270
712274
712308
712337
712379
712452
712452
712484
712492
712549
712571
712618
712701
712717
712745
712783
712945
712953
712954
712966
712975
713003
713066
713071
713093
713153
713156
713169
713173
713290
713447
713480
713581
713645
713787
713896
713929
713960
714030
714048
714071
714235
714304
714314
714354
714412
721690
721711
721733
721762
721765
721808
722064
722078
722150
722187
722198
722208
722251
722421
722423
724281
724319
724366
724369
724449
724471
724560
724617
724636
724659
724701
724719
724864
724873
724943
724943
724982
725010
725016
725064
725081
725089
725135
725146
725151
725254
725494
725536
725566
725660
725722
725814
725847
725978
739879
739924
739981
740109
740129
740135
740138
740139
740139
740279
740302
740324
740336
740349
740417
740447
740526
740538
740556
740814
740930
740942
740948
740950
755947
755982
755990
756060
756107
756247
756248
756251
756550
756583
756669
756719
756736
756785
756862
756864
756917
756944
757180
757188
757200
757236
757299
757321
757516
757554
757595
757614
757657
757685
757698
757703
757740
757797
757801
757814
757874
757916
757923
758087
758232
758316
758368
758433
758468
758544
758652
758846
758880
758982
759068
759095
759114
759116
759187
759411
759414
759423
759466
759500
759505
759530
759536
759574
759606
759627
759728
759732
759737
759878
759906
759953
759987
760009
760048
760084
760124
760151
760170
760190
760261
760294
760465
760466
760541
760580
760621
760719
760721
760782
760880
760970
761092
761251
761396
761442
761475
761490
761520
761635
761681
761695
761745
761889
761932
761976
761995
762009
762044
762077
762109
762167
762231
762273
762409
762445
762529
762609
762628
762780
762815
762835
762861
762866
762915
762924
762970
763019
763110
763187
763226
763278
763387
763399
763578
763648
763728
763745
763770
763867
763943
763961
763974
764055
764130
765411
765488
765624
765646
765678
765772
765805
765835
765865
765865
765876
766047
766125
766128
766189
766299
766362
766398
766579
766637
766645
766680
766692
766732
766797
766800
766882
766941
766982
767043
767069
767118
767128
767289
767395
767461
767499
767537
767564
767594
767705
767722
767812
767844
767889
767922
768007
768037
768076
768181
768296
768305
768354
768379
768412
768420
768516
768526
768528
768565
768574
768630
768664
768750
768848
768868
768910
768923
768939
768942
769001
769044
769046
769078
769146
769228
769232
769258
769264
769297
769312
769436
769489
769556
769592
769600
769619
769620
769665
769775
769962
770043
770052
770108
770225
770235
770250
770260
770378
770449
770464
770475
770540
770556
770563
770643
770699
770714
770739
770752
770885
770908
770922
770958
771117
771125
771205
771302
771312
771333
771345
771418
771445
771448
771474
771542
771562
771589
771592
771632
771685
771690
771737
771878
771898
771959
772003
772007
772073
772074
772095
772122
772171
772182
772264
772276
772366
772416
772519
772530
772577
772586
772627
772775
772844
772856
772900
773046
773104
783849
783896
783902
784128
784165
784375
784446
784499
784613
784649
784671
784678
784929
784976
785055
785142
785165
785302
785306
785341
785353
785359
785395
785417
789856
789891
789896
789918
789982
790013
790091
790154
790179
790210
790239
790472
790488
790504
790577
790588
790626
790662
790793
790799
790802
790811
790863
790874
790934
790992
791137
791275
791405
791534
791658
791718
791741
791803
791923
791994
792037
792065
792115
792168
792293
792349
792563
792572
792586
792599
792602
792649
792669
792770
792785
792804
792836
792856
792865
792933
792971
792990
793050
793167
793208
793285
793292
793393
793395
793530
793594
793658
793693
793747
793796
793840
793869
793924
793939
794029
794088
794094
794098
794129
797705
797813
797832
797837
797859
797866
797877
797913
797959
798007
798008
798087
798119
798297
798504
798526
798581
798716
798724
798732
798800
798868
798938
798973
799005
799019
799024
799041
799211
799220
799253
799326
799369
799404
799472
799518
799633
799694
799714
799913
799944
800023
800158
800167
800183
800254
800310
800354
800369
800389
800427
800429
800505
800542
800554
800595
800633
800664
800770
800995
801106
801134
801179
801181
801287
801323
801345
801355
801389
801568
801681
801770
801814
801880
801919
801972
801973
802061
802063
802191
802195
802197
802251
802309
802330
802336
802351
802354
802412
802429
802453
802467
802500
802523
802538
802647
802678
802707
802755
802767
802794
802926
802969
802981
803077
803092
803125
803130
803304
803320
803359
803459
803517
803599
803649
803665
803666
803668
803682
803701
803795
803811
803897
803923
803939
804029
804095
804111
804142
804181
804212
804216
804272
804276
804318
804358
804362
804380
804383
804491
804657
804905
804953
805014
805023
805051
805053
805090
805099
805121
805122
805168
805178
805276
805296
805307
805351
805377
805397
805419
805461
805475
805551
805566
805572
805622
805644
805700
805707
805777
805957
805980
806029
806276
806500
806565
806593
806600
806662
806687
806694
806713
806796
806826
806917
806932
807110
807141
807302
807382
807430
807532
807543
807607
807685
807696
807724
807746
807799
807805
807883
807899
807932
808008
808012
808038
808061
808130
808146
808177
808180
808240
808262
808269
808330
808347
808388
808458
808482
808485
808493
808573
808707
808774
808808
808810
808850
808886
808933
808943
808970
809167
809209
809219
809293
809349
809366
809548
809551
809580
809581
809582
809647
809683
809704
809752
809863
809868
809955
810018
810031
810166
810242
810517
810541
810581
810599
810656
810711
810731
810755
810756
810792
810916
810994
811001
811015
811025
811029
811049
811058
811098
811186
811203
811206
811249
811301
811339
811383
811409
811527
811535
811837
811863
811908
811940
811978
812056
812155
812171
812182
812195
812201
812246
812293
812300
812304
812373
812413
812475
812493
812502
812515
812559
812615
812630
812645
812657
812703
812800
812833
812896
812931
812947
812958
812971
813008
813034
813087
813121
813153
813171
813176
813246
813273
813339
813345
813498
813512
813524
813547
813577
813620
813667
813729
813741
813770
813797
814017
814173
814200
814221
814354
814441
814455
814499
814579
814581
814598
814605
814615
814652
814672
814675
814714
814838
814953
814988
815092
815150
815201
815203
815360
815440
815471
815485
815620
815704
815704
815711
815751
815778
815890
815925
815986
816043
816096
816138
816201
816247
816298
816333
816350
816372
816399
816418
816440
816463
816469
816516
816680
816688
816723
816744
816771
816797
816864
829605
829608
829634
829657
829665
829694
829725
829855
830003
830027
830043
830057
830065
830096
830122
830205
830212
830243
830281
830290
830299
830312
830317
830467
830516
830669
830674
830685
830696
830707
830732
830918
830997
831067
831085
831125
831150
831189
831252
831639
831656
831697
831743
831835
831850
831855
831924
831940
832017
832034
832087
832089
832257
832275
832283
832372
832387
832479
832517
832566
832588
832615
832685
832769
832856
833004
833049
833116
833265
833279
833316
833348
833444
833517
833517
833560
833583
833687
833717
833732
833801
833876
833889
833890
834004
834017
834021
834063
834115
834146
834147
834184
834184
834228
834233
834239
834270
834308
834378
834411
834457
834609
834727
834749
834772
834776
834939
834962
834996
835070
835086
835178
835184
835337
835358
835363
835500
835581
835589
835594
835651
835667
835694
835746
835767
835791
836958
837081
837259
837275
837299
837362
837423
837486
837506
837541
837564
837579
837610
837627
837732
837803
838025
838131
838172
838191
838316
838453
838492
838493
838519
838559
838604
838685
838765
838825
838845
838863
838903
839020
839045
839116
839117
839141
839159
839177
839189
839221
839255
839292
839314
839363
839389
839409
839463
839517
839577
839601
839610
839612
839701
839712
839782
839833
839861
839863
839881
839882
839922
839970
839973
840001
840001
840036
840066
840133
840138
840257
840301
840330
840330
840372
840394
840424
840476
840505
840521
840644
840757
840791
840846
840859
840872
841050
841140
841205
841223
841223
841309
841362
841514
841579
841625
841626
841663
841710
841711
841738
841804
841815
841833
841875
841886
841894
841897
841911
841914
841918
841943
841982
842038
842051
842125
842126
842143
842184
842196
842218
842282
842314
842350
842426
842435
842495
842508
842511
842519
842571
842592
842638
842730
842772
842841
842911
842918
842925
842953
842982
843008
843010
843049
843104
843116
843183
843191
843280
843423
843427
843436
843493
843567
843618
843688
843750
843783
843790
843798
843878
844017
844031
844033
844037
844167
844187
844198
844201
844235
844236
844285
844482
844519
844569
844598
844605
844721
844745
844815
844933
844941
844963
845000
845030
845079
845196
845262
845370
845464
845503
845537
845563
845568
845581
845604
845655
845676
845706
845730
845791
845842
845863
845878
845957
845958
846001
846078
846122
846157
846163
846167
846192
846258
846259
846284
846376
846411
846468
846516
846529
846548
846601
846785
846840
846992
847018
847038
847047
847201
847292
847328
847369
847727
847816
847889
847958
847998
848012
848087
848129
848221
848247
848458
848519
848564
848622
848711
862364
862395
862423
862447
862497
862540
862602
862607
862667
862676
862678
862706
862765
862772
862941
862985
863025
863077
863136
863201
863233
863339
863364
863396
863402
863404
863415
863579
863594
863772
863804
863952
864073
864146
864213
864295
864368
864496
864499
864566
864586
864587
864592
864631
864649
864848
864866
864972
865026
865035
865109
865196
865211
865230
865343
865377
865384
865390
865413
865549
865592
865616
865775
865833
865850
865897
865929
865932
866112
866118
866129
866241
866338
866393
866442
866468
866585
866588
866617
866631
866656
866742
866775
866780
866786
866846
866862
866867
866885
866902
867029
867107
867189
867284
867451
867457
867460
867546
867570
867660
867678
867693
867762
867829
867842
867945
867987
868093
868093
868199
868207
868345
868352
868353
868394
868399
868455
868476
868747
868778
868827
868833
868848
868899
868900
868910
869021
869044
869055
869059
869231
869266
869337
869349
869387
869458
869466
869611
869709
869714
869743
869750
869806
869848
869866
869933
871587
871680
871687
871713
871789
871843
872007
872041
872062
872069
872078
872104
872173
872231
872468
872538
872572
872578
872653
872687
872695
872795
872922
872928
872946
872964
873007
873135
873152
873159
873178
873203
873213
873233
873252
873317
873348
873375
873380
873396
873456
873457
873533
873548
873575
873579
873604
873622
873647
873651
873683
873705
873825
873849
873860
873873
873905
873931
873988
873997
874054
874087
874179
874181
874194
874197
874227
874311
874400
874427
874443
874542
874570
874579
874643
874700
874782
874819
874822
874838
874880
874943
874944
875027
875041
875051
875067
875081
875088
875095
875112
875117
875127
875145
875194
875227
875228
875228
875278
875355
875420
875546
875629
875670
875707
875791
875873
875892
875895
875985
875991
876026
876135
876183
876278
876281
876283
876325
876576
876594
876683
876749
876770
876818
876879
877060
877188
877213
877252
877332
877439
877585
877670
877767
877805
877842
877968
878051
878085
878467
878498
878531
878569
878646
878772
879011
879080
879090
879211
879240
879377
879673
879686
879816
879885
879929
879944
879949
880028
880049
880070
880196
880237
880258
880381
880443
880503
880539
880608
880612
880743
880758
880797
880991
880992
881043
881047
881103
881234
881310
881366
881472
881512
881538
881653
881676
881703
881711
881858
881954
881958
894791
896114
896228
896296
896302
896317
896367
896385
896399
896450
896501
896528
896638
896647
896675
896680
896699
896714
896737
896788
896835
896836
896883
896890
896956
896969
896985
900887
900904
901099
901186
901295
901435
901436
901442
901510
901583
901612
901615
901697
901735
901826
902036
902044
902238
902275
902378
902404
902493
902656
902699
902728
902829
902871
902874
902875
902878
902933
902936
902946
902968
902998
903026
903089
903148
903247
903352
903362
903377
903437
903442
903458
903479
903483
903742
903782
903787
903804
903822
903827
903840
903847
903992
905103
905131
905168
905401
905479
905617
905676
905676
905778
905817
905856
905888
905920
905922
905939
905957
906006
906104
906106
906118
906127
906153
906221
906236
906237
906251
906264
906294
906456
906503
906574
906601
906675
906756
906801
906803
906827
906852
906913
906931
906952
906989
907002
907013
907088
907172
907199
907230
907350
907373
907374
907472
907508
907606
907630
907649
916607
916633
916639
916693
916758
916840
916867
916937
916943
916998
917073
917088
917119
917145
917293
917306
917317
917412
917520
917562
917575
917656
917835
917850
917906
917908
917967
918033
918112
918119
918177
918197
918284
918319
918443
918457
918494
918500
918615
918636
918744
918793
918909
919066
919121
919238
919241
919308
919355
919385
919387
919396
919405
919407
919486
919515
919599
919668
919684
919695
919697
919698
919750
919803
919890
919965
919995
920004
920022
920076
920093
920137
920155
920175
920279
920304
920304
920362
920452
920601
920615
920656
920730
920790
920879
920928
921083
921101
921171
921177
921263
921310
921399
921411
921487
921514
921891
922077
922330
922336
922384
922400
922414
922429
922473
922511
922562
922565
922621
922632
922649
922737
922747
922788
922790
922794
922827
922883
922890
923036
923042
923072
923114
923120
923201
923269
923287
923303
923317
923321
923367
923383
923425
923543
923581
923656
923945
924066
924085
924175
924248
924272
924292
924359
924450
924531
924541
924653
924717
924774
924789
924813
924936
924949
925095
925098
925149
925196
925295
925405
925419
925524
925530
925613
925652
925837
925873
925893
925988
925990
926015
926025
926065
926194
926216
926295
926351
926353
926375
926387
926395
926436
926440
926443
926600
926706
926746
926898
926920
926956
926956
941605
941674
941734
941801
941935
941938
941943
941975
942124
942198
942219
942219
942234
942247
942321
942346
942366
942389
942432
942564
942675
942695
942708
942767
942771
942808
942815
942840
942855
942878
942940
942945
942966
943024
943155
943190
943282
946456
946469
946474
946482
946515
946554
946601
946617
946702
946732
946863
946865
946891
946983
947243
947264
947281
947366
947374
947425
947452
947509
947513
947534
947621
947639
947740
947756
947773
947821
947882
947917
948059
948116
948195
948227
948237
948242
948290
948455
948550
948580
948603
948658
948701
948719
948791
948802
948841
948846
948860
948866
948894
948898
948939
949010
949012
949014
949061
949096
949134
949240
949282
949324
949421
949430
949557
949561
949599
949653
949732
949771
949866
949883
949910
949912
949919
949975
950013
950066
950069
950332
950414
950424
950512
950538
950626
950664
950687
950732
950744
950794
950838
950914
950922
950927
950953
950963
950971
951111
951132
951158
951334
951338
951455
951468
951477
951487
951500
951544
951597
951615
951620
951731
951792
951796
951799
951828
951840
951882
951905
951906
951966
952075
952144
952275
952285
952412
952470
952572
952594
952602
952628
952647
952717
952745
952754
952759
952782
952861
952870
952883
952970
952979
953017
953038
953045
953110
953192
953259
953326
953419
953477
953481
953564
953573
953653
953667
953693
953731
953830
953854
954097
954130
954136
954182
954219
954220
954290
954290
954342
954344
954429
954464
954482
954484
954558
954685
954704
954737
954743
954803
955019
955036
955061
955079
955162
955181
955242
955259
955275
955318
955388
955416
955448
955489
955555
955578
955599
955619
955670
955750
955751
955802
955847
955862
955863
955982
955993
956152
956158
956278
956334
956405
956456
956495
956527
956643
956712
956762
956819
956859
956912
956922
956929
957038
957043
957196
957252
957254
957303
957426
957471
957504
957514
957658
957672
957679
957680
957704
957707
957821
957853
957954
957973
958010
958107
958108
958124
958146
958194
958240
958284
958296
958410
958438
958493
958515
958519
958571
958658
958668
958746
958874
958931
958970
958987
958988
959031
959045
959071
959073
959176
959235
959352
959395
959402
959428
959443
959464
959474
959487
959491
959500
959537
959622
959634
959813
959833
959844
959955
959968
959987
959994
959999
960021
960058
960063
960070
960139
960141
960205
960227
960261
960281
960386
960396
960424
960492
960492
960709
960737
960772
960777
960877
960928
960934
960951
960993
961032
961103
961171
961218
961264
961289
961416
961428
961477
961511
961562
961583
961587
961778
961787
961810
961817
961832
961885
961908
962008
962033
962056
962070
962072
962116
962208
962260
962266
962298
962350
962544
962600
962640
962811
962816
962990
963083
963123
963191
963195
963278
963315
963359
963419
963487
963614
963619
963687
963717
963959
963965
964018
964074
964180
964222
964337
964351
964357
964399
964469
964484
964542
964567
964597
964609
964610
964651
964787
964798
964815
964838
964923
964976
965039
965089
965167
965202
965225
965295
965326
965340
965398
965427
965458
965483
965522
965761
965805
965805
965892
965909
965915
965925
966021
966182
966306
966306
966434
966469
966600
966640
966652
966655
966678
966731
966758
966821
966967
967044
967058
967068
967098
967373
967448
967468
967491
967652
967735
967749
967797
967799
967811
967847
967914
968034
968061
968101
968109
968134
968154
968242
968252
968255
968302
968352
968362
968386
968401
968408
968460
968536
968556
968643
968721
968833
968883
968904
968905
968931
968932
968976
969057
969263
969293
969303
969410
969464
969473
969639
969710
969716
969716
969727
969728
969742
969808
969897
969977
970000
970010
970014
970036
970044
970083
981086
981264
981340
981342
981394
981395
981416
981513
981518
981542
981555
981567
981571
981593
981631
981642
981656
981669
981689
981760
981769
981907
982054
982074
982105
982119
982142
982189
982223
982256
982270
982282
982369
982419
982504
982556
982646
982700
982714
982740
982740
982749
982799
982820
982886
982923
982971
982977
983000
983000
983109
983191
983273
983296
983372
983378
983399
983419
983435
983528
983589
983680
983694
983696
983769
983890
983894
983913
983955
983978
984010
984027
984100
984241
984243
984254
984274
984278
984310
984314
984529
984590
984681
984757
984761
984796
984874
984932
985005
985234
985251
985255
985260
985305
985311
985336
985362
985581
985603
985680
985884
986059
986146
986154
986217
986221
986265
986433
986477
986486
986566
986585
986773
986787
986825
986892
986916
986964
987028
987050
987073
987101
987150
987164
987356
987388
987439
987459
987482
987546
987573
987633
987673
987716
987732
987762
987775
987843
987852
987875
987888
987901
987911
987966
988116
988142
988148
988191
988244
988250
988460
988464
988481
988485
988486
988493
988502
988558
988614
988646
988658
988671
988713
988810
988816
988858
988899
988945
989076
989167
989216
989243
989318
989387
989416
989418
989472
989549
989574
989581
989582
989710
989757
989809
989809
989821
989838
989845
989855
989881
989917
989929
989942
990052
990071
990111
990216
990258
990279
990312
990406
990427
990465
990477
990646
990694
990819
990819
990821
990845
990996
991116
991122
991168
991332
991353
991604
991625
991651
991695
991703
991760
991782
991792
991928
992004
992021
992062
992101
992121
992125
992188
992212
992224
992232
992300
992451
992493
992559
992631
992884
992932
993019
993024
993062
993124
993141
993154
994192
994218
995871
995891
996058
996192
999711
999723
999750
999773
999777
999843
999984