876
879
1089
1303
1455
1512
1993
2012
2138
2366
2691
2778
3197
3639
4292
4542
4798
4869
4964
5253
5937
6290
7377
7645
7769
7823
7946
8370
8390
8698
9090
9207
9231
9408
9503
9849
10473
10679
11025
11224
11941
12107
12215
12554
12585
12674
12707
12809
12880
13357
13995
14264
14692
14820
16169
16188
16216
16266
16296
16426
16530
17017
17213
17331
17702
18167
18339
18577
18640
18993
19444
20490
20639
21242
21313
21418
21775
21829
21887
21933
22200
22587
22672
22915
23069
23144
23299
24006
24104
24325
24383
24437
24536
24704
24756
24795
25168
25420
25603
26086
26671
26827
26972
27487
27668
27686
27736
27759
28294
28345
28420
28444
28915
28948
28995
29055
29330
29352
29456
29473
29657
29684
30081
30211
30766
30913
31239
31328
31579
31622
31866
31867
32022
32790
33068
33136
33286
33444
33526
33789
34001
34065
34278
34506
34569
35212
35244
35787
36692
37715
37993
38093
38239
38303
38830
39318
39407
39445
39562
40079
40140
40272
40330
40634
40809
41440
41558
41816
41833
41869
42024
42350
42356
42633
42852
43192
43225
43353
43360
43435
43522
43565
43954
44021
44205
44219
44228
44286
44342
44426
44453
44796
44807
44883
45045
45358
45366
45726
46127
46895
46983
47186
47597
47646
47892
48037
48456
48647
48762
48982
48986
49267
49321
49435
49649
49700
49887
50037
50498
50607
50709
50935
51102
51789
52180
52414
52899
53605
54450
54527
54546
54593
54623
54663
55215
55823
56525
56546
56785
56877
57145
57447
57477
57709
57897
57963
58067
58281
58313
58426
58470
58876
58966
59037
59514
60215
60426
60608
60813
61051
61072
61245
61303
61525
61669
62129
62257
62545
62790
62849
63002
63070
63289
63430
63592
63602
64014
64286
64424
64450
64463
64486
64827
64892
65469
65535
66234
66599
66993
67273
67313
67397
67470
67917
67976
68470
68500
68511
68545
68697
68865
69192
69659
70419
70441
70870
71000
71018
71485
71541
71583
71626
71653
71659
71797
71859
71875
72355
72625
73426
73612
73873
73996
74278
74726
75243
75491
75829
76631
76635
76721
76773
76850
77043
77075
77132
77270
77322
77363
77921
78097
78434
78631
78661
78866
78886
78924
79103
79187
79457
79893
79949
80007
81235
81533
81845
82232
82266
82327
82429
82485
83282
83376
84272
84491
85013
85073
85148
85165
85555
85582
85795
86680
86776
87019
87636
87727
87812
88075
88585
88660
89106
89320
89406
89470
89588
89851
89987
90096
90657
90799
90849
91235
91236
91426
91540
91587
91873
91994
92475
92533
92678
92738
92750
92751
92859
93155
93228
93885
93979
94097
94184
94385
94393
94448
95018
95210
95740
95833
96148
96257
96308
96466
96607
96653
96760
96963
97006
97042
97123
97509
97995
98052
98184
98419
98810
98847
99261
99301
99591
100169
100247
100669
101427
101584
101673
101959
102810
103205
103290
103867
104494
104761
104953
105164
105357
105668
105868
106201
106251
106850
106914
106969
106977
107411
107904
108068
108078
108192
108494
108824
108906
108976
109525
109917
110094
110208
110432
110794
111013
111095
111243
111893
112011
112073
112562
112571
112880
113035
113541
113689
114386
114502
115017
115027
115911
116098
117188
117665
118414
118750
118818
119469
119885
119888
120097
120259
120380
120662
121599
121753
122048
122351
122574
122671
122699
122933
122992
123002
123086
124272
124943
125017
125154
125310
125632
126090
126151
126337
126801
126878
127148
127769
127813
127904
128134
128281
128738
129242
129667
130239
130262
130388
130713
130828
130930
130967
131517
131681
132245
132333
132453
132665
132789
132950
133517
133631
133887
133908
133962
133976
133995
134113
134253
134801
134928
135078
135133
135325
135409
135811
136186
136374
136487
136619
137071
137125
137290
138017
138018
138277
138428
138482
138577
138906
139061
139258
139778
139894
140227
140533
140583
141140
141676
141786
141878
141924
141947
141970
142168
142589
142710
142901
143402
143450
144371
144658
145086
145236
145531
146241
146462
146594
146616
146658
146662
146679
146783
146971
147260
147927
148122
148185
148218
148334
148455
148627
148971
149096
149101
149301
149388
149815
150009
150045
150512
150615
150843
151160
151304
151813
152282
152336
152634
152725
153097
153342
153488
154116
154345
154605
154812
154994
155146
155262
155290
155823
155886
156072
156478
156536
156601
156645
156686
156722
157203
157372
157804
157871
157886
158068
158159
158963
159064
159202
159385
159445
159665
160060
160310
160539
160904
161182
161372
161469
161595
161933
161996
162254
162296
162565
162827
163302
163413
163484
164150
164186
164250
164341
164757
164783
165668
165846
166175
166457
166482
166573
166731
166737
167230
167685
167968
168235
168372
168610
168742
169026
169052
169106
169374
169410
169475
169800
170539
170775
171402
171468
171644
171863
172141
172259
172436
173166
173298
173861
174744
174897
175512
175590
175662
175704
176733
177157
177679
177988
178303
178388
178558
179151
179202
179316
179389
180198
180312
180476
180527
181064
181421
181740
182129
182250
182369
182432
182848
183583
183688
183713
183928
184673
184732
184899
185437
185519
185864
185905
186809
187140
187572
187876
188466
188575
189170
189360
189436
189458
189499
189650
189993
190187
190589
190622
190827
191076
191190
191235
191545
191699
191793
191918
192094
192705
192758
192785
193186
193417
193551
193805
193888
194026
194445
194555
195059
195122
195204
196421
196510
196699
197239
197367
197386
197426
197457
197801
198036
199244
199677
200086
200102
200446
200896
200966
201495
201568
201979
202213
202369
202792
202905
202920
203128
203201
203346
203698
204053
204320
205219
205447
205746
205873
206164
206173
206424
206429
206494
206577
206655
206951
207029
207337
207487
207488
207748
207847
207944
207992
208065
208367
208547
208807
208882
209136
209579
209750
210016
210274
210328
210742
210898
211194
211212
211604
211777
211862
212301
212789
213250
213338
213341
213483
213660
214067
214485
214943
215039
215148
215668
215682
215733
215816
215872
215990
216021
216252
216255
216260
216701
216786
216792
216867
216998
217140
217617
217993
218226
218380
218490
219314
219920
220035
220271
220676
220793
220998
221005
221008
221428
221432
221559
221630
221782
221853
221931
222119
222375
222454
222603
223090
223573
223671
223746
223926
224336
224572
224650
224771
225018
225711
226403
227217
227407
227522
227529
227677
227786
227888
228008
228155
228334
228714
228968
229278
229693
229728
229855
229897
229983
230276
231348
231642
231791
231892
232089
232625
233223
233482
233670
234328
234721
235047
235059
235182
235222
235357
235946
236009
236189
236193
236393
236437
236494
236595
236662
236810
237197
237252
238341
238408
238536
238640
239270
239734
239761
240080
240918
241489
241670
241995
242045
242152
242240
242416
243061
243515
243669
244099
244206
244396
244629
244733
244877
244956
245185
245244
245363
245480
245717
245748
246406
246445
246615
246811
246861
247486
247511
247550
247831
247843
247851
247985
248002
248211
248231
248272
248448
248543
248998
249094
249207
249428
250166
250247
250729
251124
251372
251412
251494
252167
252180
252609
252629
253006
253135
253339
253357
253374
253546
253641
254169
254307
254371
254427
254755
254908
255312
255463
255481
255494
255940
256049
256069
257466
257535
257634
257665
257797
258073
258341
258689
258718
259015
259327
260195
260462
260733
260874
261188
261215
261304
261846
261876
262135
262143
262210
262393
262701
262724
263296
263521
263763
264178
264348
264629
264679
265133
265178
265388
265625
265890
265966
266118
266378
266382
266527
266615
266803
267076
267177
267280
268109
268207
268235
268814
269055
269068
269082
269128
269206
269531
269614
270150
270479
270494
270584
270713
270792
270844
270884
270952
270960
271181
271193
271534
271587
271624
271796
272363
272415
272748
272993
273707
273709
273802
273927
274290
274587
274656
275092
275374
275806
276566
276587
276719
276726
276869
276878
276976
277100
277657
277897
277903
278428
279212
279343
279495
279729
279822
279932
280142
280154
280212
280271
282583
282653
282670
282784
283410
283526
283530
284517
285257
285784
285965
286550
286598
287257
287449
287791
288048
288063
288080
288092
288384
288478
288781
288863
289035
289055
289260
289472
289680
289756
289800
290055
290816
290957
291021
291100
291453
291520
291615
291714
292050
292429
292576
292672
292726
292738
292859
292944
292989
293277
293922
294248
294348
294370
294679
294915
295031
295185
295580
296030
296424
296579
296891
296900
297083
297418
297627
297636
297783
297996
298818
299066
299173
299243
299345
299750
300167
300383
300534
300881
301055
301255
301350
301456
301667
301818
302047
302412
303461
303477
303682
303882
303919
304020
304091
304178
304439
305942
305980
305993
306034
306080
306408
306554
306642
306822
307264
308239
309460
309773
310243
310345
310421
310481
310675
310827
311184
311332
311650
311766
311937
312856
312928
312954
313009
313369
313680
314233
314387
314669
314753
315150
315287
315471
315654
315960
316569
316882
317068
317409
317575
317619
317678
317716
317803
317805
317822
318478
318667
318869
319374
319563
319946
319981
320251
320628
320722
321036
321342
321352
321360
321924
321968
322231
322508
322715
322729
322926
323341
323677
324639
324895
325426
325469
325798
325879
326298
326662
327151
327392
327458
327522
327572
327631
327876
327965
328002
328097
328131
328205
328352
328592
328996
329261
329275
329287
329901
329936
330058
330123
330159
330919
331295
331346
331443
331785
332054
332345
332598
332604
332623
333258
333288
333562
334144
334418
334824
335375
335495
335928
336656
336927
337005
337200
337284
337339
337344
337374
338212
338587
338605
338672
339289
339291
339476
339591
339693
339964
340469
340470
341152
341386
341492
343372
344091
344213
344228
344372
344441
344717
344720
344898
345131
345168
345396
345675
346292
346571
346954
347114
347440
347502
347520
347846
348141
348229
348575
348634
348796
348833
349071
349518
349688
349764
350094
350170
350429
350461
350636
351020
351190
351263
351459
351647
351686
352076
352101
352799
352962
353028
354192
354666
354710
354777
354958
355276
355381
355525
355833
356108
356612
356896
357229
357964
358177
358179
358387
358553
358874
358921
359193
359280
359281
359566
359729
360004
360028
360492
360530
360577
360696
360978
361544
361570
361986
362001
362170
362554
363862
364081
364941
365068
365365
365721
365916
366188
366993
367349
367985
368051
368363
368427
368491
368491
369024
369069
369116
369170
369292
369436
369686
370347
370531
370592
371073
371599
371832
371847
372342
372383
372763
372948
373422
373617
374270
374929
375073
375120
375230
375370
375381
375843
376042
376177
376317
376898
377098
377249
377337
377597
377928
378391
378906
379007
379387
379410
379448
379564
379933
380595
380624
380756
380778
381082
381332
381669
382000
382050
382088
382106
382113
382243
382463
382587
382727
382998
383301
383357
383619
384255
384493
384668
384880
385069
385686
385738
385838
387107
387579
387638
388025
388200
388541
388619
388707
388919
389144
389545
389618
390163
390336
390365
390382
390450
390601
390719
390983
391601
392613
392678
392932
393178
393416
393456
393617
393859
393974
394048
394381
395577
395618
395756
395962
395967
396634
396748
396858
396956
397356
397675
397735
397830
398135
399341
399348
400284
400426
400649
401459
401736
402239
402503
402809
402893
402921
403737
403852
404060
404083
404314
404351
404483
404528
404784
405610
405627
405675
405724
405733
406187
406390
406607
406928
407054
407263
407638
407646
407844
407860
407950
408136
408228
408350
408432
409328
409774
409877
409959
410332
410365
410432
410576
410578
410632
411089
411251
411441
411566
411729
411915
412283
413148
413319
413338
413761
413862
413955
414152
414798
415188
415318
415358
416020
416144
416449
416489
416675
416698
417006
417728
418080
418379
418595
418723
418729
418916
419263
419367
419439
419583
419719
420082
420223
420557
420678
421225
421466
421582
421878
422547
422620
422810
423454
424074
424099
424112
424584
424668
425001
425051
425476
425603
426309
426459
427002
427085
427141
427581
427850
428118
429176
429303
429346
429494
429703
430288
430290
430653
430815
430999
431159
431442
431835
432852
433009
433113
433143
433252
433356
434125
434143
434186
434329
434748
435197
435606
435736
436121
436857
437549
437585
438630
438897
439488
439568
440031
440088
440263
440293
440864
440871
440995
441153
441236
441337
441563
441911
442363
442365
442517
442629
442944
443267
443524
443847
443875
443888
444012
444295
444389
444759
444792
444853
444995
445523
445733
445906
446144
446289
446424
446512
447074
447248
447269
447347
447425
447946
448022
448214
448673
448708
448821
448976
449310
449682
450654
450849
450888
450972
450991
451239
451394
451498
451912
452123
452125
452130
452731
452982
453202
453427
453539
453714
453744
453938
453994
454151
454267
454270
454349
455112
455281
455303
455378
455586
455606
456715
456828
457381
457903
458042
458430
458631
458960
459169
459497
459806
460088
460097
460254
461047
461368
461426
461559
461582
461788
461807
461939
461995
462618
462628
462639
462670
463037
463090
463227
463470
463587
463681
463709
463957
463988
464096
464558
464909
465125
465326
465903
466194
466484
466919
467091
467255
467520
467627
467705
467815
468269
468563
468978
469170
469483
469723
469972
470004
470174
470811
470879
470993
471026
472080
472683
472699
472739
472769
473040
473088
473110
474146
474343
474638
474959
475067
475239
475454
475709
475788
476725
477067
477329
477484
477492
478951
479237
479707
479916
480719
480864
481346
481400
481706
481950
482302
482661
483014
484023
485059
485354
485563
485730
485730
485910
485966
486235
486375
486929
486975
487637
487693
487927
488010
488130
488631
488741
489266
489367
489518
489608
489915
491308
492849
492873
493143
493226
493643
493707
493762
493932
494159
494329
494462
494536
494843
495815
496206
496486
496621
496826
496965
497009
497049
497096
497198
497401
497822
498110
498299
498465
498879
500046
500112
500221
500346
500554
500852
500940
501087
501122
501183
501285
501532
501567
501595
501996
502300
502540
502859
504064
504078
504326
504679
505216
505694
505825
506056
506090
506277
506771
507058
507287
507402
507444
507516
507560
507931
508053
508324
508508
508513
508640
508936
509003
509698
509866
510177
510715
510755
510801
511325
511328
511545
511713
511722
511863
511933
512083
512100
512109
512138
512779
512850
513836
513857
514005
514074
515327
516208
516559
516605
516605
516880
517179
517833
517871
519097
519375
519526
519957
520383
520586
520757
520773
520844
521113
521214
522271
522306
523187
523568
523907
523980
524292
524495
524946
524979
525047
525069
525186
525187
525197
525280
525403
525474
525494
525765
525930
525969
526245
526340
526388
526926
527034
527681
527697
527757
528677
528888
529603
530050
530200
530652
530691
530949
531133
531367
532217
532218
532608
532933
533000
533337
533699
534001
534054
534069
534096
534296
535263
535557
535589
535658
535979
536246
536406
536484
536581
536694
536882
537313
537667
537688
537771
538118
538389
538797
538976
539130
539365
539426
539660
540125
540262
540265
540514
540619
540710
540746
540903
541045
541315
541344
541667
541736
541979
542226
542343
542479
542770
543001
543447
543662
544244
544397
544658
544991
545129
545453
545738
545797
546061
546082
546652
547877
547960
548111
548343
549448
549895
549961
550123
550529
550785
550920
550988
551026
551246
551461
551713
552368
552670
552759
552855
553533
553592
553985
554024
554073
554093
554128
554204
554212
554505
555170
555447
555621
556766
558042
558320
558965
559184
559621
559682
559769
560411
561126
561303
561354
561676
561814
561961
562170
562601
562604
562972
563142
563357
563447
563576
563576
564059
564069
564151
564182
564242
564360
564558
564561
564660
565253
565722
565797
565884
565973
566083
567212
567523
567595
568019
568467
568560
568841
568861
569322
569467
570021
570315
570448
570772
570772
570953
571293
571638
571803
572191
572243
572315
572759
573628
573696
573725
573936
574104
574501
574629
574687
575186
575242
575731
576081
577014
577378
577514
577965
578210
578267
578421
578769
578899
579025
579190
579390
579612
579647
579680
579995
580324
580561
580765
581119
581496
581695
582025
582361
582780
582837
582856
583213
583444
583590
583655
583754
584575
584779
584933
585894
585953
586243
586254
586259
586435
586537
586576
586678
586808
587111
587326
587743
588098
588265
588637
588734
588788
589166
589571
589773
590182
590235
590416
590512
590961
591719
592406
592419
592707
593361
593775
593786
593949
594080
594251
594272
594501
594575
595017
595054
595352
595422
596189
596389
596436
597105
597242
597403
597647
597672
598817
599001
599244
599316
599459
599468
599526
599759
600156
601573
602004
602136
602179
602327
602707
602840
602945
603292
603360
603773
603955
604020
604588
604674
605037
605217
605401
605548
605613
605687
605747
606136
606933
607101
607193
607417
607566
607870
608164
608288
608495
608813
608935
609023
609042
609195
609508
609664
609901
610563
610689
610779
610997
611164
611670
611696
611853
612038
612048
612189
612217
612459
612675
612767
612878
613626
613844
614235
614280
614556
614760
614854
614859
614898
615233
615289
615321
615397
615491
615833
616130
616178
616377
616563
616588
617035
617143
617254
617514
617725
617976
618054
618076
618935
619004
619271
619329
619620
619683
619880
620097
620278
620480
621291
621396
621789
622509
622765
622858
623097
623399
623696
623756
623761
623831
623844
624138
624529
624658
624820
625655
625803
626366
627065
628605
629096
629297
629493
629586
629716
629770
629867
630411
630465
630782
630784
630886
630917
631262
631478
631542
632083
632182
632497
632609
632850
633120
633422
633596
634353
635074
635237
635306
636008
636115
636227
636263
636613
636704
637092
637246
637340
637646
637982
638131
638283
638412
638928
639220
639637
639678
640236
640298
640863
641080
641194
641605
641687
642095
642204
642369
642376
642421
642951
643581
643747
643751
643816
644315
645236
645363
645755
645956
646680
647225
647656
647944
648007
648052
648131
648545
648584
648776
649018
650063
650197
650440
650490
650829
651676
651812
651858
652566
652709
653005
653047
653264
653430
653869
653936
653991
654162
654227
654309
654454
655047
655167
655261
655275
655467
655552
655640
655725
655889
656078
656372
656391
656980
657300
657394
657503
657569
657830
657987
658129
658883
659045
659484
659595
660126
660245
660391
660541
660777
661059
661119
661723
662039
662816
663587
663817
665251
665676
665768
665921
666082
667646
667857
667897
668480
668850
668910
669247
669347
669512
669676
669871
670057
670492
670514
670787
670982
671105
671325
672000
672169
672269
672618
672844
672855
673427
673443
673859
674046
674075
674144
674208
674410
675016
675429
675971
676017
676524
677226
677377
677539
677553
678306
678479
678984
679109
679614
679768
680284
680999
682108
682158
682262
682746
682926
683076
683352
683833
683915
683941
684587
684599
684939
686127
686574
686585
686818
686957
687120
687147
687319
687779
688066
688091
688141
688556
688839
688948
689112
689124
689216
689685
690183
690819
691263
691403
691558
692129
692152
692393
692584
692767
693414
693729
693773
693926
693987
694331
694770
695124
695211
695309
695779
696007
696032
696314
696562
696960
697145
697545
698099
698467
699148
699716
700422
700692
700883
701042
701241
701255
701286
701424
702354
702641
702654
703132
703284
703761
704114
704363
704375
704837
704977
705337
705362
705725
705780
705833
706149
706220
706399
706438
706752
706763
706936
706941
707070
707533
707568
707685
708731
709349
709770
709928
710366
711016
711063
711380
711613
711938
711949
711993
712107
712391
712940
712955
713017
713297
713309
713642
713857
714648
714865
715066
715368
716666
716718
716808
716849
717061
717097
717134
717573
717694
717899
717910
717915
718013
718262
718852
718863
719299
719310
720040
720472
720485
720547
720948
721378
721402
721439
721572
721593
721652
721671
721791
721841
722321
722716
722973
723195
723665
723828
723936
724007
724087
724416
724611
724690
724760
724776
724785
725008
725261
725268
725372
726405
726477
726857
727110
727235
727454
727733
728003
728184
728711
729033
729298
729298
729348
729892
730419
730444
730609
730738
730812
730925
731202
731360
731656
732441
732508
733021
733259
733336
733556
733619
733692
733755
733935
733976
734095
734409
734938
734998
735034
735060
735482
735717
735816
736205
736586
736884
736918
737044
737362
737735
737984
738277
738925
739516
739527
739672
739766
740166
740168
740302
740817
741107
741456
741645
741698
741848
742068
742199
742864
742891
743773
743955
744562
744715
744840
745232
745702
745973
746237
746367
746600
746781
746799
747042
747086
747391
747449
747886
748126
749236
749391
750099
750654
750664
751394
751575
751871
752106
752382
752769
752781
752895
752929
753014
753278
753889
753910
753987
754256
754280
754326
754540
755197
755366
755575
755894
756057
756167
756185
756523
756898
757688
757799
758100
758431
758530
758572
758876
759073
759227
759382
759575
759765
760020
760344
760766
761003
761012
761472
761818
762662
763042
763413
763884
763957
764042
764065
764104
764116
764298
764386
764721
765168
765471
765519
765960
766029
766355
766465
766881
767075
767131
767427
767461
767539
767679
767931
768332
769132
769179
769214
769601
769998
770106
770328
770819
771269
771362
772187
772419
772450
772617
772709
772763
772940
773038
773211
773291
773394
773395
773787
774157
774203
774247
774283
774390
774437
774573
774671
774759
775033
775171
775269
775445
776483
776799
776926
776998
777000
777012
777244
777583
777753
777925
778249
779070
779120
779283
779295
779908
780010
780309
780455
780465
780526
780747
780846
780958
781237
781504
781718
782031
782105
782121
782385
782535
782595
782701
782816
782891
783279
783445
783717
783830
784367
784588
785195
785830
785835
787438
787534
787562
787756
788167
788712
788774
788883
789133
790127
790198
790540
790593
790746
790996
791633
791706
791845
791904
792079
792280
792335
792342
792947
793108
793165
793418
793782
793997
794074
794164
794608
794754
795256
796006
796365
796383
796643
796979
797199
797884
797979
798246
798415
798623
799297
800247
800481
800510
800585
800600
801034
801046
801206
801780
802171
802191
802320
802369
802937
802983
803168
803295
803504
803853
803889
803934
804207
804380
804431
804544
804593
804647
805143
805372
805874
806126
806300
806377
806646
807171
807202
807319
808342
808366
808367
808853
808972
809048
809296
809350
810141
810782
811912
812633
813024
813175
813269
813330
813338
813680
814361
814632
814970
815104
815492
815673
815777
816032
816735
816865
816916
817694
817708
818006
818129
818242
818359
818366
818431
818452
818603
818698
818971
819144
820276
821284
821363
821432
821711
821978
822525
822867
822915
823705
823953
824145
824861
825988
826157
826293
826440
826665
827527
828444
828473
828650
828688
829015
829525
829624
829937
829962
830406
830417
830472
831079
831186
831383
831548
831577
831901
832144
832354
832369
832440
832575
832802
832881
833035
833324
833572
833638
834026
834268
834426
834504
834528
834737
835132
835484
835559
835783
835901
835944
835965
836007
836285
836413
836468
836525
836962
836985
837359
837597
837662
838150
838265
838365
838472
838617
838669
839207
839295
840009
840091
841568
841711
841893
842147
842668
842709
842982
843078
843134
843863
844233
844635
844908
844972
845226
845700
845777
846026
846029
846159
846255
846351
846908
847125
847581
847591
847993
848047
848179
848235
848413
848440
848523
848561
849001
849040
849136
849332
849591
849616
849643
849851
850709
851366
851515
852550
853122
853258
853476
853598
853830
854147
854432
854537
854842
854995
855010
855094
855253
855628
856051
856562
856787
857272
857611
857813
858062
858152
859073
859336
859361
859715
860009
860385
860392
860620
860727
860874
860930
863258
863418
863679
863829
864226
864339
865235
865415
866026
866071
866160
866839
866964
867098
867421
867480
867790
868063
868127
868541
868559
868688
868812
868922
868985
869985
871334
871941
871980
872248
872297
872325
872441
872710
872733
872752
872759
873467
873571
874218
874367
874651
874930
874996
875786
876177
876479
876690
876975
877225
877938
878045
878124
878683
878862
878976
879674
879958
880190
880207
880565
880661
880882
881145
881254
881311
881593
881967
882299
882300
882361
882398
882512
883853
883936
884127
884429
884447
884608
884906
884975
885187
885546
885856
885912
886231
886335
886807
887576
887896
887981
888031
888079
888317
888560
888635
888656
888805
889035
889213
889619
889759
889885
890219
890266
890354
890577
890936
891006
891067
891156
891757
892014
892030
892526
892718
892720
892746
892852
892873
893095
893334
893650
893726
893871
894298
894783
895002
895043
895659
896559
896766
896799
896910
897233
897266
897440
897637
897699
897722
897768
898316
898537
898596
898880
898919
899066
899122
899486
899522
899609
899635
899745
900223
900899
901058
901230
901253
901651
901726
901913
902124
902292
902336
902398
902515
903021
903058
904117
904375
904751
904861
905383
905465
905523
905745
906458
907053
907065
907075
907702
908061
908139
908353
908761
908764
908900
909059
909101
909102
909165
909177
909782
910187
910463
910826
911122
911819
912204
912304
912746
912751
912990
913549
913701
913724
913972
914114
914158
914167
914189
914807
915077
915138
915474
915745
915948
915975
915991
916393
916400
916412
916423
916573
916645
916665
917101
917421
917509
917756
918016
918314
918498
918995
919025
919181
919397
919483
919507
919614
919632
919680
919708
920014
920237
920428
920555
920961
920968
921015
921320
921359
922098
922546
922623
923069
923395
923598
923863
924165
924344
924599
924649
924664
925056
925251
925686
926841
927050
927333
927357
928495
928504
929020
929246
929333
929383
929531
929545
929937
929942
930221
930420
930572
930872
931049
931106
931213
932098
932453
932675
932794
933388
933534
933710
933712
934120
934580
934588
934697
935105
935430
935468
935702
936046
936271
936350
936572
936597
936704
936967
937155
937199
937271
937689
938029
938192
938288
938390
938438
938566
938950
939051
939071
939676
939709
939800
940103
940674
940838
940855
941280
941487
941490
941710
942259
942264
942563
942608
942799
942908
943314
943375
943879
943998
944158
944566
944927
945686
945838
946259
946370
946534
946711
946808
947029
947073
947248
948234
949677
949802
949985
950168
950274
950438
950573
950589
950819
951472
951602
951668
951982
952207
952565
953238
953445
954178
954215
954422
954776
955430
955445
955571
956125
956135
956237
956340
956652
956725
956729
957024
957176
957851
958062
958411
959556
959900
960201
960760
960895
960923
961156
961237
961283
962030
962176
962411
962501
962792
962796
962807
962948
963053
963175
964534
964928
965114
965956
966280
966342
966381
966766
966995
967648
968045
968112
968150
968781
968954
969437
969452
969473
969605
969824
970332
970605
970673
970800
971266
971378
972066
972170
972417
972920
973101
973418
973570
973622
973646
973712
974070
974213
974414
974862
974889
975371
975409
975472
976324
976772
977919
978041
978358
978430
978445
978652
978658
979533
979710
980288
980630
980748
980781
980902
980919
981246
981487
981560
982104
982249
982360
982534
982935
982985
983551
983651
983666
983794
984132
984447
984526
984550
984553
984704
985160
985289
985892
986163
986776
986804
986936
987158
987923
987948
988044
988126
988536
988568
989100
989624
990306
990400
990902
991120
991330
991340
991566
991836
991882
993046
993317
993327
993786
993860
993878
994269
994335
994336
994513
994808
995060
995766
996173
996280
996297
996301
997113
997156
997436
997657
997841
997992
998093
998276
998561
998704
999069
999708