31.1111
27.7778
31.1111
23.3333
23.8889
26.6667
28.8889
26.6667
25
23.8889
27.7778
25.5556
25
25.5556
30
31.1111
33.8889
34.4444
28.8889
28.8889
25.5556
30
32.7778
31.1111
29.4444
30
31.1111
31.6667
31.1111
30.5556
33.3333
30
25
25.5556
26.6667
27.2222
29.4444
29.4444
28.8889
28.3333
30
31.6667
32.2222
28.8889
25.5556
23.3333
26.1111
26.6667
22.7778
27.7778
31.6667
33.3333
28.8889
26.6667
27.2222
29.4444
27.7778
24.4444
22.7778
26.1111
28.3333
30.5556
25
28.8889
31.1111
30.5556
29.4444
28.3333
29.4444
30
31.6667
29.4444
27.7778
26.6667
25.5556
25.5556
27.7778
28.8889
30.5556
32.7778
32.2222
25
28.8889
31.6667
30.5556
30.5556
32.2222
32.7778
27.2222
30.5556
33.8889
27.7778